18  40
29  71
29  40
9  22
4  12
26  36
4  83
17  74
20  13
24  65
3  75
26  77
11  18
12  21
9  60
28  49
12  43
14  64
2  82
26  38
1  19
5  54
3  38
2  2
16  60
15  12
19  73
3  79
19  7
19  15
29  45
24  42
10  20
28  41
3  33
10  79
17  27
12  29
26  83
14  32
18  59
2  24
10  85
18  13
12  25
18  80
29  10
5  27
27  21
19  86
14  47
2  7
8  43
12  85
13  60
24  17
10  37
18  82
27  83
6  68
2  51
20  76
7  45
20  18
25  37
14  67
24  66
9  73
28  12
2  42
17  7
9  26
23  63
21  86
4  46
11  54
15  17
2  38
1  44
12  33
25  85
13  59
24  20
28  17
28  52
2  87
19  86
20  38
10  19
8  31
20  20
20  57
11  8
17  67
3  33
25  14
23  35
15  82
6  82
10  20
27  47
20  49
27  14
21  25
10  8
18  2
13  64
9  88
26  35
29  14
26  9
1  4
19  75
17  46
12  72
27  84
1  72
27  75
25  51
3  7
23  7
21  75
25  29
9  55
4  7
29  85
2  24
1  48
4  64
18  57
27  26
2  23
24  3
29  18
14  17
7  52
2  62
10  77
17  56
24  26
2  31
25  58
4  82
27  76
10  22
7  63
23  76
28  64
22  61
26  42
12  52
23  21
15  9
22  85
24  70
3  6
23  39
12  9
26  59
14  78
1  1
16  70
16  33
18  19
12  57
11  54
23  16
3  29
2  3
1  31
2  49
11  77
10  76
24  63
12  55
23  32
17  14
4  32
22  47
15  52
16  52
17  3
6  17
28  71
18  80
17  46
25  86
1  69
3  25
8  32
10  1
3  64
14  9
18  25
18  81
4  31
28  40
12  21
7  83
25  1
11  44
25  79
22  17
26  25
27  67
29  72
26  23
10  73
15  53
6  55
27  26
11  56
20  84
4  79
5  49
13  54
17  45
13  70
13  22
12  53
28  77
20  34
1  36
22  7
5  6
3  52
12  39
4  52
2  42
5  78
13  33
22  3
27  20
24  78
1  9
18  69
1  44
11  59
15  51
24  39
11  25
9  36
8  45
18  30
6  78
13  46
27  5
23  42
22  15
24  84
28  5
10  61
17  42
5  86
10  33
9  3
19  1
12  69
24  46
27  26
25  36
4  26
26  50
20  49
15  73
8  44
18  32
22  34
23  62
1  32
13  43
28  25
3  10
10  64
21  7
23  76
24  17
28  47
18  4
17  82
11  79
18  81
1  37
15  54
10  9
10  77
25  35
8  4
16  1
25  84
14  52
25  88
17  25
8  65
12  24
14  59
12  4
7  72
12  71
17  71
5  65
29  73
12  30
29  47
10  42
8  27
24  49
8  34
27  46
21  59
5  32
21  31
4  20
12  21
19  59
29  80
24  10
9  79
18  56
1  17
4  71
21  42
13  18
23  79
2  55
4  50
1  24
4  50
25  76
10  59
27  30
29  45
2  47
23  35
16  28
26  67
1  6
10  53
25  10
1  49
18  37
25  74
21  30
11  33
9  88
11  39
15  74
11  18
5  4
20  43
21  88
29  74
5  19
25  63
29  31
23  62
4  6
6  22
5  69
24  6
18  50
14  28
9  68
16  28
9  70
11  57
28  63
20  83
17  33
8  13
5  43
23  17
8  70
7  51
18  57
12  55
12  49
13  31
6  48
24  5
12  40
19  42
2  28
27  81
7  36
10  58
13  20
16  62
15  15
3  60
12  69
5  31
17  70
2  76
7  26
26  19
27  23
7  41
4  45
21  39
12  49
28  84
12  36
6  2
29  40
2  31
15  78
25  66
12  55
7  15
20  13
25  41
13  53
6  11
28  4
21  51
10  11
23  28
2  72
26  47
21  10
15  77
22  17
19  4
4  31
28  19
29  39
24  59
20  65
29  84
11  31
23  17
3  15
23  9
3  52
17  11
4  59
3  29
14  8
23  25
12  19
26  21
20  11
18  85
24  28
25  15
19  16
15  51
19  32
8  85
22  5
13  24
13  79
1  17
28  8
6  77
6  54
2  16
7  12
1  43
13  85
10  25
18  44
20  38
21  26
20  53
16  28
23  84
8  73
16  62
24  21
2  69
22  53
13  65
6  48
22  26
3  13
5  86
28  79
4  55
22  58
1  12
20  8
4  26
9  77
20  71
4  19
2  52
24  35
15  20
10  9
16  13
9  10
19  73
13  21
10  57
4  11
13  71
20  76
9  23
19  48
9  10
29  70
16  14
22  60
3  37
3  68
12  39
27  71
11  47
4  2
29  40
9  1
3  82
2  28
25  5
5  85
24  16
10  42
4  87
9  5
23  55
20  45
18  54
29  17
27  20
2  17
14  8
23  17
19  65
16  11
10  10
20  32
24  48
17  35
9  3
14  73
23  86
7  64
11  77
3  3
11  59
29  48
22  53
23  55
11  23
28  15
23  48
29  54
27  76
21  36
28  62
27  77
23  40
8  41
26  9
18  82
7  33
28  2
28  52
9  30
7  72
15  58
13  85
27  10
13  1
15  67
21  45
9  68
2  47
10  28
10  60
9  49
3  58
2  2
28  47
1  58
28  2
21  9
9  36
21  25
13  26
4  82
14  34
14  58
12  56
10  53
27  36
17  52
5  25
22  29
19  28
6  24
13  23
11  65
25  41
16  86
27  36
3  86
18  3
9  68
19  38
20  7
1  44
12  72
19  59
18  80
13  54
15  27
15  52
24  28
12  1
27  69
27  3
28  52
4  11
25  69
4  14
19  56
8  71
10  16
8  27
12  85
29  49
23  87
20  68
21  87
8  86
19  67
7  59
14  78
23  54
10  82
28  60
26  3
16  19
1  1
4  79
23  25
1  41
14  73
16  20
19  62
10  14
26  44
12  79
22  57
11  65
25  46
13  43
28  75
18  36
20  86
17  57
13  32
6  19
14  20
9  48
20  13
3  68
11  74
20  27
24  73
11  30
16  21
4  32
17  85
20  76
21  35
17  29
13  86
6  17
19  77
26  59
23  79
7  60
7  84
14  29
12  9
13  43
23  68
23  39
22  5
8  17
17  45
18  48
6  38
25  57
14  31
5  74
10  42
9  18
5  51
21  39
1  87
3  3
14  71
17  83
11  79
24  29
3  80
6  38
21  22
26  38
29  30
18  17
2  56
3  42
18  37
28  61
25  14
8  57
5  64
24  33
12  63
2  78
6  46
16  27
22  65
12  28
24  31
12  51
22  31
2  32
23  13
28  45
26  33
11  12
17  53
3  85
6  57
11  39
9  29
4  18
14  58
28  63
7  85
4  21
13  9
28  57
16  8
9  49
9  78
29  29
6  50
26  82
9  81
13  84
19  9
6  72
24  71
15  3
5  5
3  67
21  84
16  24
20  41
6  77
4  31
9  17
20  74
12  45
20  75
17  50
24  13
12  80
14  50
11  29
10  2
29  80
1  34
11  65
2  69
1  15
27  65
7  61
7  1
6  10
29  18
20  11
26  37
1  55
27  64
13  15
1  17
13  1
21  80
9  16
5  63
6  57
24  73
2  83
9  76
21  76
1  44
25  45
15  45
21  33
5  29
23  31
17  61
15  25
22  2
19  65
28  27
22  63
19  17
26  81
22  46
16  40
5  43
13  82
1  51
20  2
15  61
18  32
21  50
13  14
19  52
13  80
4  46
1  39
11  38
27  26
10  19
10  17
13  53
6  48
11  32
26  69
25  68
27  14
5  61
4  82
13  9
22  58
11  59
2  59
15  12
22  67
27  8
10  29
2  76
14  75
1  82
6  31
10  54
21  22
5  81
29  17
20  31
4  1
10  55
4  47
24  46
14  78
4  49
23  78
15  61
11  21
16  4
27  27
7  39
17  2
29  74
23  56
14  49
2  19
27  37
4  24
7  2
23  80
15  32
21  32
6  44
10  3
13  75
27  78
23  27
5  72
21  45
3  67
18  50
19  19
16  9
17  10
11  75
19  86
7  27
14  72
19  69
11  82
26  74
28  60
2  45
12  18
14  85
27  70
11  48
15  69
9  88
19  17
17  60
22  19
14  30
6  18
27  4
8  12
26  54
7  88
10  67
4  78
24  15
26  52
24  13
19  70
13  29
9  16
4  27
9  3
18  36
25  42
15  5
7  47
8  33
1  7
23  79
21  55
19  14
15  50
7  86
7  80
12  77
27  84
29  26
8  2
18  25
3  43
23  76
20  22
3  2
24  45
25  54
29  57
1  55
6  43
1  15
8  1
26  11
28  41
26  62
28  4
22  74
17  18
22  52
3  46
22  35
8  69
18  84
28  57
21  21
26  68
15  52
2  51
28  27
3  10
29  67
29  46
5  34
29  74
29  35
6  81
11  8
16  36
24  86
3  57
14  44
28  57
4  57
28  84
9  74
18  84
13  77
25  18
23  14
8  40
18  3
14  52
21  61
16  70
18  70
21  55
10  81
18  46
6  18
21  71
10  51
20  74
25  80
25  22
15  1
12  56
28  81
4  68
22  71
10  46
22  56
5  22
9  47
2  38
16  19
19  33
18  67
27  41
28  8
13  37
27  63
12  53
13  58
20  84
4  2
24  9
21  10
4  42
10  19
25  86
21  64
28  28
8  21
2  61
23  17
9  67
15  21
16  29
19  32
21  80
3  48
6  27
20  23
27  23
17  40
20  81
29  84
29  46
22  46
22  50
29  47
20  4
22  70
21  73
13  16
21  36
9  23
19  31
11  35
28  81
21  50
8  4
9  69
29  9
4  32
12  19
21  21
8  28
27  47
13  40
6  38
25  44
12  51
26  42
17  1
15  45
24  22
25  83
4  29
13  43
14  42
12  52
4  1
24  48
8  35
10  12
11  38
3  5
27  47
22  48
26  23
25  61
5  7
20  9
14  73
2  7
26  53
28  75
5  45
26  35
16  22
14  26
28  43
28  41
27  7
24  52
16  31
17  87
9  18
25  27
2  6
23  9
14  48
24  82
9  38
11  8
3  29
16  85
28  19
24  38
15  32
29  51
13  78
12  30
19  34
14  21
16  30
17  46
9  44
7  6
25  57
23  5
6  35
1  82
1  56
26  87
28  69
15  49
1  32
6  30
16  35
2  50
14  86
12  40
11  63
20  10
10  40
10  78
2  77
24  85
25  48
24  72
26  35
12  25
15  25
22  35
12  18
24  79
2  18
8  45
25  4
27  19
4  64
10  21
19  38
16  17
29  37
28  45
16  45
1  88
9  29
11  9
27  66
15  40
24  61
23  72
13  24
28  45
2  5
25  31
1  18
18  43
7  21
14  11
10  79
15  81
20  40
10  21
5  24
4  88
25  85
23  29
13  38
21  27
29  35
2  1
24  62
20  79
28  2
17  44
14  78
28  81
4  62
17  50
21  7
11  84
21  61
21  32
4  75
25  74
12  61
13  6
8  85
13  72
3  1
25  46
14  14
26  20
24  75
19  60
1  12
25  56
6  88
8  29
20  82
1  14
8  9
25  10
3  44
24  43
2  54
25  60
25  9
18  46
26  74
23  15
20  17
20  63
26  28
22  88
22  7
20  10
12  26
3  9
13  70
26  44
1  45
20  66
26  45
17  58
23  41
7  79
28  21
13  78
10  35
4  70
26  15
11  51
1  75
14  15
19  56
13  6
17  18
4  20
22  38
22  13
21  74
4  80
12  25
29  1
4  34
14  34
20  13
6  13
14  41
26  32
13  60
24  30
15  48
12  46
24  47
3  42
18  51
13  15
1  11
28  35
19  6
29  24
25  37
7  67
28  57
7  65
5  1
23  31
24  29
14  85
25  36
28  62
16  78
20  46
11  23
19  9
1  49
7  12
28  28
26  34
4  5
24  45
12  48
21  7
20  83
28  59
15  1
16  77
25  64
17  19
18  24
20  7
12  24
13  74
13  6
7  14
8  50
21  32
6  8
8  32
1  72
18  62
11  84
16  75
2  85
25  33
9  34
29  64
12  7
23  70
5  6
16  50
15  20
18  78
6  42
15  30
19  38
14  57
5  30
17  43
28  65
12  68
16  34
23  41
19  57
15  5
4  16
5  19
27  31
17  11
21  60
19  6
1  2
15  8
20  13
8  82
16  8
11  88
1  67
7  69
9  52
25  73
21  80
24  5
15  47
3  11
24  81
9  12
3  33
14  23
11  20
16  11
18  30
3  50
20  57
23  10
1  75
26  24
16  27
9  83
22  7
15  3
16  54
5  4
18  45
18  19
28  72
2  35
26  30
1  44
29  1
16  42
26  9
8  5
23  53
24  26
10  21
19  21
28  46
26  65
23  67
16  14
23  36
20  30
13  14
15  28
25  71
8  57
4  36
20  44
3  25
7  21
5  83
12  23
25  6
26  24
11  63
29  6
11  77
24  23
11  8
7  13
20  13
1  52
27  70
28  18
11  83
25  26
23  15
26  4
9  41
23  84
2  28
26  14
6  30
6  51
24  50
4  43
14  58
9  31
28  36
17  41
4  39
23  27
13  67
21  72
26  75
3  43
28  56
27  2
12  19
1  38
1  54
24  26
22  79
14  70
3  82
20  39
9  26
14  4
1  44
13  71
17  25
15  62
11  78
24  38
16  9
8  3
10  33
5  14
9  50
5  68
28  84
12  54
9  56
13  74
6  23
15  70
9  62
17  76
11  1
25  78
20  27
4  71
20  23
8  4
10  23
11  46
21  70
16  36
16  52
3  1
7  14
28  79
9  14
23  23
4  62
22  47
25  13
5  78
14  60
3  7
5  56
2  7
22  76
7  44
27  82
13  37
8  38
8  80
17  86
25  68
20  50
6  76
15  36
10  43
17  44
18  58
12  51
13  52
7  58
14  3
29  71
6  81
25  26
10  28
16  58
29  86
20  71
20  16
5  44
6  11
21  35
18  59
17  44
22  73
25  52
26  75
19  86
23  66
17  72
13  87
12  37
19  18
27  18
29  1
12  23
28  18
27  45
4  38
23  70
15  73
20  85
5  42
16  67
11  19
14  67
25  61
17  3
13  4
27  39
21  2
6  28
4  11
24  85
24  77
4  85
26  1
8  27
26  66
10  3
28  9
16  86
20  51
20  24
6  80
16  34
26  24
3  84
26  83
7  33
1  77
12  38
7  45
2  48
7  49
24  57
14  16
19  39
10  35
21  9
27  57
26  87
12  53
18  77
20  6
23  3
10  51
21  68
3  49
22  73
7  66
17  74
1  51
17  64
1  83
20  50
5  11
22  42
16  55
13  66
28  23
18  81
12  66
11  12
26  8
1  83
10  57
15  41
26  64
26  63
2  62
16  54
23  20
10  78
22  48
7  72
6  19
6  85
20  70
9  73
6  46
8  72
27  83
6  19
10  72
18  30
5  64
10  81
5  78
23  1
27  38
20  26
20  86
2  68
25  19
16  32
4  65
5  37
21  50
16  82
25  66
21  2
12  45
7  48
14  22
12  29
26  76
11  13
24  75
15  26
8  69
9  83
9  35
12  6
23  60
20  29
11  24
29  31
7  1
1  46
12  71
27  8
14  15
13  12
4  63
15  35
9  80
14  25
9  24
19  14
3  60
22  86
15  15
15  73
26  81
20  7
29  22
27  4
29  65
29  76
23  45
16  43
15  1
9  19
22  46
19  35
26  14
11  25
4  50
29  20
29  47
22  32
24  15
13  30
10  88
16  15
5  27
24  30
11  42
9  87
17  7
14  72
20  46
12  10
8  86
14  19
25  25
29  84
1  53
7  42
15  70
29  84
11  74
28  87
29  1
3  81
18  39
6  24
20  64
7  14
28  7
23  76
1  66
22  24
22  85
14  44
19  81
14  20
23  33
17  28
20  65
13  60
18  4
8  49
20  56
12  72
8  32
15  66
9  38
20  15
17  58
8  16
4  36
15  37
13  66
12  72
22  14
15  20
10  80
20  69
27  43
18  61
24  14
12  80
18  65
19  69
8  74
9  26
3  3
2  43
9  50
17  6
24  61
20  14
14  63
23  81
2  12
15  24
12  85
25  20
22  32
24  47
18  71
17  86
9  51
22  33
4  76
24  43
2  48
10  45
16  63
18  66
6  47
2  6
29  64
21  24
19  53
2  49
10  53
26  7
4  14
13  19
11  78
10  35
12  61
27  13
7  34
18  10
27  72
6  82
19  4
8  33
16  70
14  61
23  2
14  51
29  26
1  38
7  1
3  27
22  31
5  19
24  52
26  86
23  27
17  32
15  69
8  19
6  14
10  33
13  40
13  52
16  73
24  61
27  68
22  61
29  58
4  82
20  18
22  73
27  84
24  77
19  54
7  26
8  1
25  73
13  59
18  40
23  57
19  36
13  57
4  30
14  66
27  15
14  80
6  17
4  88
27  44
3  60
5  10
17  11
28  64
16  80
15  73
2  53
15  48
16  77
12  73
4  35
8  21
21  50
13  73
3  33
7  66
23  26
28  63
24  24
28  10
11  67
26  36
25  82
15  60
26  59
10  76
27  1
26  17
20  27
17  77
19  13
25  50
25  14
25  68
25  29
21  28
8  16
10  69
27  66
3  77
24  48
18  50
18  33
16  14
14  48
4  48
7  55
16  24
1  2
19  71
21  52
27  57
26  42
3  80
4  43
7  78
28  56
2  86
29  6
28  24
29  12
18  32
8  43
15  57
13  18
16  3
14  83
13  13
27  86
25  65
27  7
19  44
20  6
23  14
8  12
16  60
5  53
6  23
4  54
27  88
3  67
20  27
22  61
12  37
9  47
29  36
24  36
13  82
23  7
20  76
5  87
24  85
29  20
3  58
4  18
11  2
26  17
10  52
25  6
12  53
24  34
9  60
26  85
22  44
18  23
16  86
26  3
16  31
13  64
19  21
7  29
7  18
21  80
28  11
3  19
16  8
17  67
21  63
14  87
21  39
4  25
5  78
15  12
12  47
24  3
25  60
21  49
24  12
15  59
9  82
18  54
12  74
1  22
5  15
9  68
18  78
6  19
15  33
8  87
22  73
24  82
8  51
3  12
14  77
23  7
6  30
24  69
15  71
15  86
4  66
12  1
10  45
10  22
16  75
9  86
5  64
25  88
10  70
18  57
8  32
6  23
1  19
14  42
16  36
20  64
8  58
20  27
18  17
14  73
18  56
21  7
13  16
16  10
7  73
14  37
28  50
28  32
10  69
19  3
5  29
21  15
13  28
6  37
7  70
9  53
28  68
23  5
11  61
14  68
26  15
29  74
5  38
15  86
14  79
16  35
20  76
29  80
10  61
1  51
8  78
8  1
4  58
11  44
22  28
13  34
26  62
7  6
12  25
21  53
7  23
3  15
23  24
14  7
9  15
1  17
15  88
29  55
11  72
3  25
4  65
25  23
2  65
2  27
23  86
2  32
26  24
21  57
18  50
17  7
19  14
29  35
2  85
28  68
11  16
20  54
10  15
25  64
5  75
23  39
10  57
18  4
26  53
2  70
3  8
3  78
17  56
27  30
20  35
24  52
5  40
11  65
6  74
22  64
24  41
13  69
16  79
25  20
22  28
20  19
15  38
10  85
24  8
11  20
3  22
26  66
15  58
4  84
1  86
7  52
27  79
21  17
10  3
1  21
6  15
6  27
21  86
25  43
24  10
9  67
27  8
28  35
20  12
4  5
21  16
25  56
15  34
8  32
28  49
16  43
17  27
11  26
6  7
14  50
1  65
14  14
23  16
9  43
29  40
15  55
28  20
23  7
12  52
21  4
5  14
26  25
7  52
23  60
27  82
26  14
13  35
12  17
3  39
8  53
28  75
25  39
14  45
2  38
26  81
29  51
22  85
25  60
7  14
20  69
19  21
9  69
10  50
20  40
20  3
23  78
11  81
3  47
14  71
23  17
17  23
20  64
27  67
1  32
29  21
24  18
9  20
25  73
25  75
8  32
22  24
25  49
9  86
23  4
27  7
18  3
5  65
28  63
12  35
25  16
10  13
21  45
21  50
16  86
7  43
15  11
22  56
8  20
7  45
7  51
6  88
27  17
19  27
29  60
9  2
23  34
1  66
7  12
26  43
16  26
7  68
15  23
27  50
20  81
15  84
8  63
12  14
19  87
14  40
29  35
24  75
23  39
21  71
13  26
28  4
4  31
14  75
16  47
3  79
22  28
18  62
26  44
18  6
1  72
4  46
5  80
19  26
16  46
27  50
6  27
11  88
13  25
19  12
17  31
17  29
10  50
19  30
26  70
1  27
23  25
23  47
17  72
21  36
16  65
14  69
18  19
17  59
20  14
3  34
8  75
3  32
1  39
12  10
15  26
27  82
20  22
16  16
14  22
20  68
20  20
3  70
3  15
4  66
20  48
9  51
29  71
9  3
2  7
7  68
12  66
27  46
6  10
3  61
26  86
7  70
1  85
26  63
7  1
3  88
2  3
15  74
24  56
14  18
11  5
25  1
16  52
8  43
7  66
7  35
7  28
9  63
3  22
13  5
16  23
3  50
14  12
1  2
20  48
11  34
21  21
20  77
3  74
16  62
4  57
8  75
21  20
25  3
15  19
16  28
11  68
23  59
23  23
23  65
22  29
15  38
19  29
16  84
7  82
7  67
14  53
28  36
7  82
11  61
13  9
5  64
16  36
24  88
21  64
12  49
8  58
13  42
21  79
25  66
5  39
25  84
14  40
4  81
16  19
3  1
17  52
28  21
10  43
3  52
14  58
6  79
20  67
20  27
2  32
2  27
14  78
5  8
14  54
23  30
3  65
19  35
2  48
16  23
22  70
14  43
9  10
4  55
17  60
2  12
20  27
21  67
28  81
23  40
12  60
25  86
28  18
7  32
12  56
15  18
19  71
11  2
8  60
28  38
23  42
18  18
13  21
22  70
20  78
11  50
20  54
3  15
19  41
3  84
11  41
6  49
8  20
7  60
1  83
1  29
24  23
21  40
4  34
10  55
17  87
28  73
6  8
10  51
4  18
19  50
1  87
14  74
11  63
6  69
18  68
8  19
11  73
1  43
25  5
19  4
19  50
9  26
25  69
24  72
19  34
29  38
27  85
4  31
16  86
1  82
25  18
22  51
20  51
29  38
24  44
29  71
19  34
25  56
11  26
28  72
26  19
15  52
6  24
3  53
13  69
9  15
27  66
26  25
29  73
2  13
5  48
13  21
5  4
22  40
1  2
22  8
9  43
27  1
3  51
27  49
28  70
11  30
22  56
29  48
8  87
4  61
27  40
23  2
12  58
9  61
28  2
14  28
4  12
24  73
9  12
15  61
8  62
26  5
5  8
28  54
24  41
19  57
14  54
4  35
23  41
29  75
25  86
3  64
28  52
18  15
24  60
12  86
12  10
25  48
1  21
5  53
10  68
2  77
23  70
26  18
8  38
15  7
25  66
11  8
20  78
24  23
15  34
5  88
16  45
18  2
15  60
3  83
16  82
18  70
7  46
10  67
2  84
28  76
24  81
29  8
20  7
14  22
13  24
9  63
5  26
23  55
15  56
2  82
8  41
15  48
2  8
5  60
14  39
12  79
24  8
20  19
23  65
5  39
8  27
10  47
12  88
19  20
3  38
15  87
7  44
16  53
10  56
5  88
26  59
11  67
29  2
12  7
8  42
2  70
2  30
19  27
14  64
21  28
14  58
2  86
20  31
22  44
22  76
1  67
8  20
15  12
29  12
28  46
18  76
24  48
28  54
1  49
5  71
25  36
26  63
24  59
15  79
1  22
29  5
29  24
4  63
14  71
1  10
1  54
7  13
10  64
25  71
10  35
25  42
19  7
22  74
19  42
7  14
7  73
20  2
12  85
13  70
12  15
7  7
3  1
17  40
29  35
5  77
16  7
29  19
17  1
19  79
7  62
19  58
19  1
13  29
4  28
4  79
10  1
20  56
17  44
11  17
17  44
1  27
28  47
12  16
7  71
3  17
11  69
1  5
8  16
19  43
14  10
15  61
24  24
11  25
14  43
19  13
17  24
11  6
17  56
9  28
21  20
15  86
11  82
18  61
18  13
4  72
24  19
18  4
6  56
25  45
16  26
29  38
5  2
28  81
12  38
19  59
11  29
27  39
6  8
10  13
18  25
12  71
29  75
13  64
12  30
24  49
7  61
19  42
27  86
23  57
27  37
11  2
26  53
25  51
10  21
18  10
27  42
2  61
8  70
24  62
2  37
13  81
27  48
16  76
4  25
5  2
8  41
3  3
1  33
25  68
22  43
13  22
3  60
21  6
1  32
6  40
4  18
18  80
19  79
1  55
25  54
28  7
23  86
4  84
18  43
3  78
29  47
6  23
22  73
28  69
26  69
21  52
8  48
11  27
22  14
26  10
15  41
8  37
26  48
11  15
13  66
29  87
16  37
11  87
5  32
6  31
14  1
23  13
3  83
19  86
10  64
24  6
6  7
27  56
14  10
11  2
23  31
29  25
20  17
12  60
13  66
21  15
20  31
9  55
22  72
24  36
8  11
24  40
26  12
12  75
14  10
15  24
13  64
24  24
20  31
7  49
14  77
22  42
2  85
20  14
24  43
12  42
6  1
25  13
25  82
4  27
5  66
29  78
7  49
26  81
23  19
28  66
12  13
25  4
13  61
7  62
5  54
20  44
8  31
2  48
19  55
9  20
28  8
14  70
20  45
29  24
29  73
19  28
13  13
12  17
10  85
23  60
20  71
9  37
13  65
10  52
26  63
23  33
28  6
15  86
15  64
28  57
10  28
20  25
12  25
4  76
16  47
27  42
25  26
2  18
18  75
24  8
13  21
8  39
10  57
27  16
4  87
14  39
18  66
21  63
16  70
24  10
6  24
4  30
4  26
14  15
14  17
6  85
7  21
24  10
27  29
10  66
18  21
6  7
20  77
18  88
19  55
11  38
27  60
20  59
21  43
8  15
24  63
23  24
17  4
26  37
29  38
7  31
19  86
29  53
28  10
3  26
12  64
5  37
24  79
18  85
21  18
29  87
8  33
22  14
3  77
3  29
3  64
15  19
29  87
17  60
14  14
14  88
16  78
15  67
5  5
10  64
8  74
9  3
19  67
15  57
1  85
11  54
23  15
16  19
6  20
20  73
16  59
28  71
22  52
18  83
22  10
1  81
14  71
27  22
6  40
15  47
8  87
9  83
8  71
3  65
29  31
27  39
24  70
13  17
5  7
3  42
23  49
5  2
5  62
18  13
10  6
12  35
7  23
10  17
29  75
20  19
26  87
3  12
25  35
26  12
13  58
14  36
6  40
23  41
24  3
11  27
5  47
11  81
21  26
5  75
7  17
1  12
26  45
10  58
22  62
25  26
24  34
26  13
11  41
25  17
11  32
22  37
12  25
19  22
17  51
2  79
7  67
22  16
2  23
17  21
4  19
8  33
14  34
23  80
9  10
24  14
6  36
7  39
11  30
8  60
18  39
11  62
10  79
14  19
16  88
12  10
12  21
21  20
2  70
3  81
5  37
9  76
21  16
27  45
29  67
5  65
19  81
7  63
11  7
1  25
15  61
2  61
9  18
10  55
5  43
2  22
4  79
19  32
10  34
29  18
2  4
12  31
24  45
12  28
4  64
23  14
12  41
15  25
19  76
18  15
24  84
13  49
29  60
20  20
17  21
15  3
27  45
21  60
25  80
17  82
5  86
9  15
9  41
13  84
22  73
23  6
8  77
28  78
3  40
23  6
8  62
4  11
29  74
2  27
24  62
3  4
19  53
7  87
16  72
1  71
9  35
19  74
4  51
7  3
17  31
2  1
5  40
11  15
25  87
11  33
26  73
24  16
21  73
14  82
24  2
24  73
22  55
9  70
16  34
4  34
9  85
12  25
19  64
26  11
28  7
29  8
27  15
14  63
10  78
26  4
9  12
21  68
24  49
16  86
13  4
3  23
12  54
29  66
2  25
5  66
29  72
2  78
13  12
7  64
1  23
17  33
7  73
24  77
9  53
12  6
15  88
28  32
20  37
2  8
20  23
2  25
9  68
13  29
12  83
2  29
4  74
13  53
12  14
15  39
16  55
9  58
28  47
27  39
18  32
4  39
27  63
11  20
14  1
12  27
1  40
7  11
28  65
11  21
2  30
9  63
18  83
24  63
5  15
10  56
2  1
13  12
27  44
15  7
29  41
11  3
27  8
23  13
19  34
26  68
13  53
11  49
21  5
19  39
19  28
7  32
5  62
8  74
12  3
23  13
18  81
16  9
14  22
27  64
11  55
11  77
17  88
25  88
2  73
8  64
22  8
16  35
4  1
27  13
22  63
2  2
16  13
28  82
16  6
24  56
19  5
27  6
28  2
10  1
6  2
9  37
22  2
24  61
10  39
1  65
17  28
3  20
26  17
25  32
20  13
20  65
4  40
28  27
15  32
12  48
7  70
21  34
5  67
16  33
27  84
12  26
25  47
7  37
2  33
29  81
21  14
1  86
2  60
16  6
8  37
22  88
12  15
4  27
18  73
10  76
19  68
16  20
13  44
2  41
2  73
12  8
7  38
12  11
17  21
15  60
23  45
29  78
21  50
5  60
20  80
1  74
25  83
25  60
12  29
14  78
28  29
19  48
4  40
2  38
12  31
9  18
2  29
28  22
18  51
28  18
4  10
4  78
24  85
23  5
28  40
27  6
28  80
12  40
19  17
1  25
14  14
9  83
25  33
21  51
23  23
29  40
25  62
24  61
25  5
27  42
21  33
7  13
5  64
25  25
7  20
16  88
28  46
17  3
17  75
29  34
22  8
26  74
4  37
7  66
21  65
29  41
6  51
2  65
8  63
3  72
6  13
16  25
9  26
24  14
26  25
4  31
12  58
12  76
14  85
26  18
16  12
18  62
28  2
25  76
21  51
28  82
26  81
29  46
27  80
5  8
15  63
2  77
27  75
13  34
8  50
3  33
8  73
23  67
25  74
1  82
2  86
11  82
22  11
22  19
12  58
2  29
19  48
9  25
27  86
13  72
22  15
1  75
4  53
29  45
29  1
5  25
15  85
2  83
18  24
17  6
17  5
13  74
29  16
11  87
15  7
14  58
6  16
18  27
24  28
13  17
27  48
2  27
27  20
15  36
5  27
9  33
2  21
8  82
14  12
6  50
25  1
28  5
21  34
4  14
9  83
18  42
5  53
3  52
5  55
5  86
2  40
15  80
21  31
7  80
9  39
24  71
3  2
22  44
10  48
16  39
29  52
23  20
14  3
5  49
27  42
13  78
1  4
18  1
9  53
2  18
23  53
21  18
12  36
15  27
22  86
2  43
10  52
4  67
17  79
5  30
20  9
6  41
4  34
17  46
26  3
16  60
25  83
26  38
8  68
6  30
12  9
21  78
26  6
13  19
27  4
3  23
28  48
16  33
24  30
16  11
24  23
19  56
27  68
22  80
1  22
12  73
24  76
21  3
5  64
5  41
14  63
17  31
27  50
5  12
27  13
9  37
29  4
19  43
26  21
18  3
29  30
2  25
19  52
3  32
24  53
18  55
16  51
6  51
22  13
1  5
21  11
9  64
24  54
23  58
4  33
2  28
19  88
25  24
15  76
20  54
6  40
15  43
18  60
22  86
19  83
26  64
19  83
4  72
26  56
8  72
13  37
24  63
29  56
2  20
19  25
4  28
21  63
2  72
16  71
29  70
3  66
28  42
26  41
21  24
18  23
27  57
22  84
7  48
28  82
11  16
1  62
28  76
2  52
19  18
24  87
6  12
12  60
15  69
20  18
21  21
10  16
28  25
20  50
10  34
1  42
18  48
16  47
27  26
26  77
26  29
4  32
14  71
6  30
18  63
23  81
6  27
25  29
17  76
24  52
18  34
5  51
28  32
8  41
29  84
9  60
27  85
19  87
26  9
9  28
28  26
29  10
10  61
16  51
8  71
20  61
22  51
1  27
1  60
23  87
7  84
2  22
20  31
27  40
14  47
14  66
12  44
17  58
16  40
20  46
9  52
8  58
6  10
7  44
24  25
21  21
15  46
3  7
19  78
16  37
20  84
17  20
18  16
26  12
19  55
19  58
6  49
20  30
13  59
27  35
16  81
17  72
11  64
20  67
16  13
5  77
7  78
23  70
26  19
6  85
23  55
13  59
28  49
2  5
29  10
19  21
28  74
12  76
19  84
12  62
11  42
12  17
18  46
26  35
21  87
19  32
14  28
23  13
19  16
16  52
20  26
24  44
7  71
20  67
16  78
12  11
10  48
4  23
2  59
17  57
11  34
4  33
11  42
10  68
17  26
11  86
27  72
11  77
16  36
29  4
16  44
2  24
13  12
6  19
22  87
20  74
2  62
27  37
14  84
29  19
14  84
5  16
18  15
7  28
10  70
12  80
23  32
11  39
26  80
29  79
10  87
25  28
22  49
20  63
11  38
3  32
3  40
13  85
15  36
13  77
20  39
21  85
24  86
19  62
29  66
20  34
22  70
5  17
1  14
22  44
9  22
23  53
17  44
2  65
14  19
28  51
22  77
28  87
1  20
11  55
22  53
25  37
9  73
10  54
6  41
26  87
9  62
9  87
25  3
10  33
20  15
14  84
22  34
11  80
15  60
27  88
18  12
2  86
13  68
5  15
16  63
7  29
23  51
27  51
7  41
19  80
24  45
2  19
18  44
20  79
24  66
28  75
24  54
5  49
19  26
24  80
1  66
7  1
24  48
10  11
9  18
19  35
2  9
21  43
11  38
18  45
4  19
9  37
27  12
3  81
21  16
2  21
20  88
25  31
17  82
17  4
7  50
20  69
6  14
21  9
18  37
29  64
8  35
2  58
1  83
20  18
16  18
2  26
25  83
18  68
16  21
29  74
24  29
15  66
15  73
24  26
21  27
20  36
19  86
29  30
20  80
27  88
20  35
9  3
13  1
28  75
11  68
4  24
3  32
3  15
15  86
25  48
11  37
5  84
3  23
20  60
1  53
28  9
12  8
9  43
11  78
8  64
23  60
11  44
18  30
22  31
1  48
16  40
28  56
1  4
9  43
5  26
21  40
21  14
29  53
17  40
7  84
23  80
21  49
8  9
16  59
16  23
1  84
23  38
8  31
1  56
26  45
21  51
11  76
12  13
6  45
23  76
7  24
9  15
6  62
19  10
18  75
21  42
25  46
13  38
16  54
19  53
21  19
2  58
7  13
9  1
18  45
1  21
2  15
18  47
17  64
7  37
23  18
18  21
29  9
27  12
26  81
16  55
1  30
16  77
17  72
5  71
19  57
16  53
2  28
20  55
5  11
10  28
21  61
24  18
5  34
28  59
15  68
10  57
28  45
28  54
22  87
16  82
9  12
20  73
11  82
27  40
27  74
2  60
28  22
11  56
26  85
5  81
1  4
18  39
11  58
21  50
28  72
16  6
10  35
24  5
15  7
23  48
3  74
23  50
26  35
6  40
3  13
17  33
1  68
9  46
10  26
13  53
16  46
12  88
29  18
2  45
2  23
18  18
3  39
18  80
11  39
12  40
4  55
22  22
4  87
3  65
12  80
5  83
28  61
16  60
6  60
6  61
7  84
10  35
29  12
18  67
8  78
11  84
12  22
25  61
16  11
14  4
17  41
28  32
11  73
20  12
10  6
23  1
29  20
2  30
11  14
8  7
7  4
23  71
28  16
25  27
15  75
6  52
28  17
10  72
6  22
24  78
15  67
2  13
21  65
20  88
22  25
20  79
25  45
7  85
6  79
21  34
17  60
25  4
18  52
13  31
9  24
6  30
6  56
15  60
6  65
19  44
3  88
29  65
19  62
28  59
7  87
28  71
21  40
9  33
27  61
9  33
5  52
24  63
9  1
14  12
15  15
2  70
2  88
13  24
11  17
8  12
17  77
24  14
25  85
24  86
18  64
14  57
4  69
3  37
7  26
7  15
22  87
26  75
23  44
12  7
4  12
22  37
9  29
9  67
27  61
18  80
2  59
29  29
19  30
17  5
6  70
8  82
1  13
26  6
24  82
23  20
4  50
1  73
11  43
20  17
21  54
17  50
9  72
7  31
10  70
14  82
6  82
1  82
12  70
27  4
14  36
25  81
2  31
26  20
9  2
24  14
1  19
27  32
19  20
29  4
29  6
22  81
7  33
24  25
14  13
5  72
9  6
7  59
2  16
21  27
17  15
9  53
4  16
15  79
8  82
11  72
16  19
7  21
19  48
12  36
28  13
8  31
11  21
3  30
10  7
2  1
24  85
17  9
12  74
13  66
12  87
19  32
28  2
14  50
27  67
13  71
9  52
24  43
20  85
27  14
27  26
12  50
3  49
22  24
6  3
6  85
6  23
27  14
26  53
15  53
21  62
9  46
19  69
17  27
20  74
24  31
18  35
17  67
25  31
7  28
20  81
8  45
6  85
2  70
12  42
26  49
27  36
18  52
22  69
21  40
2  7
8  77
18  8
23  48
10  27
12  10
15  79
23  86
4  46
25  6
25  76
7  27
20  74
21  39
25  54
14  88
18  17
18  12
12  76
2  76
5  56
22  14
26  33
18  75
22  78
20  49
6  87
19  46
16  35
26  82
1  45
13  87
23  19
9  88
8  35
4  67
21  18
13  76
17  51
19  64
4  16
17  27
3  31
17  86
28  44
17  16
15  87
28  48
20  74
26  68
16  42
13  17
29  7
1  72
8  73
24  17
9  9
21  31
7  1
17  32
4  9
12  47
2  55
8  47
23  50
10  30
22  75
15  75
19  17
15  22
5  40
6  75
23  76
9  11
2  16
14  39
10  5
15  9
8  17
19  65
22  38
3  88
5  52
14  21
11  13
8  58
1  2
2  58
4  31
2  1
20  55
28  32
3  85
15  75
12  81
19  17
18  60
24  7
20  8
12  18
22  70
15  87
26  85
1  8
20  28
16  22
24  60
6  6
7  13
6  41
16  4
24  35
20  29
9  24
25  59
8  62
26  73
22  3
22  36
20  20
3  55
11  38
29  2
19  61
28  88
10  87
22  52
10  12
2  48
23  13
7  73
25  85
25  42
2  16
6  51
26  39
2  53
22  69
4  45
1  18
2  75
5  57
29  79
29  87
3  39
5  83
3  86
23  37
22  20
5  68
23  86
27  55
9  34
22  47
3  26
3  8
21  66
13  35
19  7
4  73
29  39
18  30
7  79
8  39
8  4
9  33
25  25
1  80
9  18
5  80
19  43
17  68
11  49
9  57
11  2
25  21
9  59
23  42
17  14
3  49
11  30
11  36
24  81
22  5
2  80
13  60
17  78
26  73
20  35
24  6
12  36
12  80
27  40
15  66
7  9
11  86
20  77
29  41
1  73
28  34
15  33
3  87
25  78
12  67
25  60
16  64
6  63
28  61
14  26
5  84
26  83
29  27
18  70
1  60
2  28
18  59
27  56
1  12
29  23
15  71
13  1
3  1
29  64
28  24
27  76
21  74
15  48
15  51
16  77
9  9
24  24
16  5
1  11
11  57
15  5
11  56
27  38
26  87
12  12
22  78
15  59
15  66
23  20
11  2
16  61
20  44
7  9
9  76
24  27
22  40
3  4
14  83
20  39
7  12
4  86
3  50
12  75
18  86
14  52
26  5
14  3
12  49
5  49
27  11
3  15
29  79
20  17
9  75
5  87
7  53
1  41
5  73
8  31
6  44
16  82
11  15
13  19
9  67
13  53
1  14
18  25
10  48
16  7
22  5
3  11
10  62
2  43
29  38
8  44
17  6
23  68
10  45
25  16
2  64
18  66
2  26
3  62
12  72
4  49
21  68
11  47
17  11
10  56
19  77
2  70
15  41
1  5
6  2
12  47
16  82
2  67
26  34
10  73
27  75
28  45
14  60
2  70
6  40
13  66
23  51
25  32
27  65
13  73
26  3
19  3
1  31
9  36
19  74
19  87
4  13
20  86
17  26
15  5
26  1
13  15
28  59
22  23
19  10
25  44
17  19
28  42
16  9
25  17
19  63
3  36
9  82
6  1
20  9
25  80
22  58
8  33
6  42
19  30
10  24
1  66
5  30
12  77
17  13
22  46
7  12
22  20
17  38
18  40
11  69
29  50
7  62
7  62
24  19
9  35
19  62
28  32
1  17
9  19
1  23
29  64
5  14
19  42
28  36
16  9
6  67
13  72
16  27
15  65
26  10
10  80
26  58
17  9
15  63
14  86
16  59
16  49
10  88
26  66
12  10
27  14
22  62
19  69
29  51
21  62
12  68
2  73
20  62
24  32
16  20
19  19
14  29
13  31
2  87
21  26
6  18
6  21
4  83
24  30
6  51
6  57
10  4
29  3
1  40
10  35
24  29
5  54
8  49
6  13
19  22
7  84
4  10
26  65
2  77
29  15
8  80
23  47
27  39
18  50
1  82
6  61
1  30
7  26
19  50
12  7
9  73
12  21
22  36
1  46
27  65
29  84
19  68
15  51
12  88
4  10
27  57
26  83
6  57
27  12
12  22
10  41
27  29
28  8
22  53
7  41
5  58
27  64
24  12
21  8
20  19
12  22
25  82
7  63
12  37
8  23
13  88
17  71
9  29
28  58
25  49
22  12
14  36
12  24
22  12
27  76
7  77
7  19
7  63
11  47
11  59
13  32
10  35
4  70
7  13
17  39
1  28
15  53
13  84
24  47
20  24
25  82
6  1
14  12
7  61
16  45
13  1
10  19
10  76
9  72
6  2
6  42
7  58
26  63
7  21
18  10
5  51
25  79
9  28
16  62
14  7
20  23
8  35
2  11
1  87
8  27
18  56
23  32
3  47
23  46
19  84
5  69
11  83
16  13
13  41
19  69
24  59
7  72
18  75
4  22
15  41
5  2
3  34
19  53
3  79
29  70
22  44
4  35
18  27
14  65
19  36
22  29
22  68
7  61
26  88
14  69
14  68
20  1
29  60
15  12
24  77
12  51
13  1
15  42
24  6
26  48
22  18
27  33
22  21
29  40
5  19
20  87
14  69
6  69
18  26
11  66
18  39
25  18
9  40
18  51
13  25
10  29
7  55
7  54
10  68
7  15
10  2
10  78
9  47
4  72
5  65
1  27
28  39
14  85
23  28
1  53
24  17
2  36
21  85
17  23
23  11
13  28
26  73
13  15
8  32
8  8
7  29
8  50
10  75
17  34
12  74
15  10
20  64
13  9
28  82
3  41
28  72
22  69
17  10
1  21
23  3
8  39
4  73
13  84
17  5
9  36
6  29
16  62
28  43
18  25
21  66
14  16
19  69
27  21
6  84
11  77
26  51
19  83
16  41
7  4
2  66
13  87
8  57
9  71
6  62
16  14
22  56
17  63
16  31
27  16
11  72
11  75
23  86
5  79
29  73
8  72
28  62
11  71
17  75
21  23
19  5
24  54
21  48
9  83
10  74
9  26
20  68
1  18
1  46
28  88
2  6
28  1
4  53
20  65
27  38
26  11
23  60
18  35
14  23
20  16
7  82
27  80
14  28
27  71
10  56
7  32
3  60
5  22
29  59
10  87
6  71
5  86
17  23
26  43
7  80
7  1
16  51
24  13
2  59
15  54
20  17
22  84
4  46
24  65
17  84
2  15
7  17
29  85
10  81
1  50
14  79
1  84
9  16
5  84
9  13
20  82
14  51
13  81
16  8
29  47
24  35
6  76
10  1
3  52
6  56
1  74
11  49
15  26
11  47
5  51
3  47
15  64
19  75
26  18
5  78
21  60
2  30
21  34
19  65
11  54
5  54
1  72
22  18
5  50
18  75
2  5
22  52
16  28
14  37
13  75
13  22
4  3
9  64
25  5
3  72
28  32
1  17
4  1
7  44
19  30
16  15
29  79
25  32
24  9
23  36
1  88
4  81
12  25
10  28
23  17
23  31
14  69
21  67
16  40
1  14
17  34
5  72
26  3
15  8
14  36
13  54
9  45
14  5
2  81
19  23
14  83
13  36
25  83
28  49
6  8
8  25
2  52
21  35
9  15
10  79
9  48
17  70
18  87
2  45
4  56
9  45
27  37
9  59
1  68
27  31
16  7
12  43
9  46
29  26
15  53
29  34
2  35
8  23
22  25
3  54
7  82
23  59
15  37
27  15
8  68
9  41
9  65
25  8
13  76
16  66
1  67
24  84
21  31
10  23
3  54
27  59
8  74
8  19
21  62
19  60
6  80
26  35
4  72
8  58
21  27
18  87
12  28
21  26
24  80
12  72
29  84
4  8
17  22
16  10
17  76
2  7
26  4
21  33
3  26
15  23
27  63
19  85
4  76
27  54
1  19
16  71
6  70
24  2
21  55
27  59
11  67
4  59
3  44
10  38
7  41
4  27
10  36
28  56
24  40
5  55
11  44
11  41
23  81
20  53
24  4
27  4
18  56
23  37
11  83
2  56
2  35
14  1
8  13
16  59
28  2
4  63
17  79
4  8
24  39
10  19
26  79
22  72
17  13
27  15
10  78
23  2
27  51
9  13
2  23
1  52
10  32
22  18
24  7
13  57
7  38
16  58
2  29
21  66
28  48
29  8
1  49
4  79
26  77
16  60
28  46
3  30
15  69
25  52
7  57
14  39
20  16
12  6
24  81
10  72
19  68
26  26
10  63
7  68
7  85
26  2
28  69
21  84
22  21
22  82
22  80
7  72
20  3
3  50
27  72
17  76
12  85
21  65
3  45
12  30
18  40
9  41
2  57
7  51
25  76
25  72
25  26
27  47
5  58
7  66
23  62
20  4
9  87
7  33
15  54
13  31
26  72
19  15
25  29
12  88
11  86
21  24
20  32
23  7
4  9
13  51
6  78
14  58
6  7
23  7
9  55
26  36
5  59
22  8
17  7
16  45
29  23
4  24
13  57
29  46
26  69
12  8
19  69
25  3
29  47
24  15
20  60
23  1
7  4
11  86
22  8
5  47
20  52
20  4
10  87
20  78
17  32
6  38
29  39
17  67
16  45
17  83
18  48
25  74
20  71
26  56
1  31
22  42
21  40
1  31
5  47
25  29
22  88
29  23
16  87
28  54
25  36
13  50
12  17
2  42
25  56
17  47
24  6
5  74
1  39
19  29
26  4
29  53
26  88
13  66
29  10
3  16
18  71
9  21
18  24
15  23
11  36
19  57
21  74
5  18
20  77
14  83
10  19
7  59
23  68
1  73
21  44
25  20
26  85
20  18
16  60
26  20
20  45
3  42
11  70
9  56
23  62
28  68
8  32
15  3
6  24
26  56
15  40
20  56
24  47
6  36
5  47
19  68
27  49
9  29
26  63
5  79
20  86
5  5
10  87
2  17
8  24
1  43
6  59
27  78
6  2
3  48
17  46
28  4
23  67
28  6
1  17
27  74
28  18
15  41
8  75
11  81
24  40
2  15
10  41
19  12
24  51
17  66
10  52
7  65
24  7
21  82
10  32
15  6
11  20
6  20
12  64
27  79
22  69
1  40
13  13
11  36
26  13
10  36
3  62
11  77
3  65
23  28
23  39
24  88
6  42
26  75
8  84
15  22
15  74
26  57
18  68
12  44
23  20
2  36
15  40
3  85
14  30
8  32
26  83
10  50
12  39
2  49
23  33
26  28
21  43
19  62
4  1
17  86
4  68
7  78
13  77
24  85
15  8
14  11
13  7
16  9
25  31
12  75
21  67
19  43
23  76
13  67
23  66
28  7
19  17
14  36
5  66
4  57
1  37
3  9
25  40
4  73
24  7
5  60
22  8
17  41
7  33
17  77
18  65
19  27
22  7
16  13
1  27
3  21
2  79
11  84
11  82
13  30
4  17
23  33
6  82
3  64
9  30
28  8
29  18
3  54
4  11
15  26
2  51
13  53
19  52
27  82
25  24
2  84
17  51
7  84
20  14
2  69
20  40
2  15
21  10
27  27
24  40
6  17
2  15
11  52
12  63
19  39
12  7
16  55
27  24
27  44
24  7
22  12
10  74
27  46
6  21
4  64
28  49
5  70
14  51
8  56
25  13
9  62
21  19
12  74
26  83
3  10
19  42
10  1
5  39
1  82
11  23
14  72
7  4
18  36
2  18
4  19
23  32
9  19
23  39
15  51
18  19
24  52
16  26
29  64
20  77
1  70
20  35
1  14
22  5
17  55
24  9
10  42
1  62
18  27
12  32
26  68
22  49
27  86
16  5
13  21
10  88
12  46
11  70
27  40
9  6
6  76
17  76
29  2
13  9
8  17
2  50
24  35
8  10
5  67
11  69
13  76
2  74
9  31
28  11
28  88
2  84
22  6
7  54
5  29
20  7
29  2
26  72
29  26
25  3
17  47
16  86
13  72
2  64
20  84
29  15
25  35
29  84
18  17
22  76
14  64
20  75
12  25
26  79
7  14
7  86
5  63
24  38
24  47
8  15
14  2
18  70
28  53
21  9
1  26
1  10
18  79
5  2
25  50
17  75
11  67
24  57
9  6
1  38
3  83
21  82
22  52
3  12
16  66
22  7
28  76
5  59
12  22
29  6
17  42
27  15
8  37
26  87
14  72
27  45
19  26
2  69
12  6
11  68
7  6
19  34
25  20
10  68
13  81
22  36
14  12
3  80
8  48
14  21
9  2
14  29
1  38
25  36
1  69
22  58
6  77
23  6
7  85
28  64
19  35
5  49
1  85
10  50
11  48
27  37
10  88
5  3
27  20
2  59
5  45
4  28
26  27
18  23
1  76
7  4
12  66
5  24
12  16
22  32
22  9
6  44
9  52
5  3
29  88
11  86
29  8
7  4
3  44
29  50
9  60
19  68
29  32
21  77
10  33
26  31
14  86
26  55
7  20
1  88
24  46
11  26
8  76
8  71
6  27
16  10
12  33
2  44
17  75
16  28
4  61
22  34
20  69
22  65
10  36
7  15
15  50
24  82
12  45
24  88
18  78
3  19
18  48
18  39
28  77
23  9
26  63
7  39
13  40
26  78
20  63
5  67
5  16
11  34
9  38
19  44
1  79
22  81
28  68
28  34
10  35
6  41
23  20
17  55
6  4
4  18
6  17
15  33
17  59
26  14
7  67
4  31
11  43
21  24
6  58
24  40
4  34
12  46
4  31
16  81
28  54
23  57
17  79
7  69
28  25
4  50
15  9
29  12
16  30
1  4
20  36
17  23
1  84
4  62
27  52
20  15
24  16
20  32
20  20
6  27
7  4
17  2
4  83
10  24
26  85
24  66
16  73
29  40
21  22
4  60
14  80
8  62
27  55
15  73
22  69
15  38
1  10
17  27
4  22
27  71
15  2
17  4
15  35
16  50
3  35
8  76
3  54
14  73
20  7
25  74
20  53
22  3
16  45
2  31
26  85
9  52
26  41
17  32
18  78
18  79
10  9
3  58
11  83
17  86
1  76
29  38
20  56
10  13
15  2
8  12
26  28
13  36
5  72
1  41
1  38
15  84
22  27
5  43
13  26
13  38
18  82
14  9
24  11
13  73
20  29
8  13
14  64
12  75
28  66
13  11
11  56
5  52
11  60
25  9
15  47
15  80
24  68
4  31
27  73
15  51
13  18
5  62
29  76
23  20
9  67
5  75
18  72
18  84
14  18
9  66
29  39
12  78
6  24
23  76
28  79
25  86
28  5
4  60
19  4
16  76
14  86
19  51
4  57
17  24
12  87
9  73
14  70
24  29
25  72
25  53
21  48
27  47
10  34
21  9
17  37
22  15
19  49
26  65
20  47
5  35
9  73
11  26
18  78
26  16
9  2
13  85
19  88
10  2
21  45
8  59
10  59
18  48
6  70
16  47
19  86
2  58
8  26
12  81
14  45
3  84
12  64
9  24
18  76
25  83
24  58
22  4
4  81
23  68
14  42
6  51
21  19
3  49
12  87
22  18
14  31
11  85
14  55
2  17
29  23
16  77
22  36
8  82
8  3
28  54
2  1
29  88
19  82
10  44
14  84
6  2
13  55
7  23
2  11
17  39
28  62
10  68
8  41
19  16
11  29
2  28
1  15
4  35
11  46
29  46
14  45
24  20
8  41
7  29
6  88
6  67
3  68
23  46
23  27
15  66
29  84
14  8
16  40
2  38
15  59
17  59
3  86
28  11
27  42
1  43
29  74
20  34
11  61
26  29
26  23
1  29
2  28
16  14
26  8
27  7
23  6
8  57
16  58
13  69
7  85
17  63
19  29
5  57
6  86
21  13
6  9
27  3
3  88
23  67
19  59
13  56
22  18
8  58
18  63
22  29
5  6
2  51
15  61
19  59
17  2
7  4
28  70
24  50
25  12
19  3
18  77
1  87
15  43
28  42
6  64
29  64
15  42
5  43
23  61
6  60
14  62
19  44
16  8
3  37
18  45
14  66
16  73
20  55
24  46
28  47
6  16
28  32
2  77
25  13
2  19
9  32
2  21
14  9
23  11
23  64
19  86
27  43
28  21
11  4
20  78
29  26
23  52
11  83
2  2
7  11
15  65
6  11
10  68
23  33
18  45
9  47
4  11
13  19
26  83
7  3
7  80
19  42
2  41
14  59
16  5
24  1
18  21
19  65
19  78
8  46
22  17
19  70
2  73
8  45
29  1
21  62
25  71
16  41
2  57
26  30
17  66
29  77
11  41
26  39
6  31
22  12
11  35
10  58
14  27
15  38
22  33
13  67
16  64
24  44
7  33
3  55
5  62
27  17
21  26
6  72
24  20
1  80
17  70
15  5
13  46
27  82
19  8
17  69
2  29
11  7
4  5
22  43
18  77
8  73
3  12
11  16
9  8
16  22
25  8
8  61
21  21
18  37
5  2
26  87
11  21
29  21
27  1
7  84
11  41
25  19
21  51
12  19
9  87
6  74
11  51
1  77
14  76
6  34
1  51
26  8
24  73
14  75
14  25
27  15
12  57
10  49
29  3
12  45
8  70
17  31
16  84
15  57
6  8
6  62
19  15
24  73
20  80
24  77
4  48
4  41
4  30
3  23
26  56
6  50
8  88
27  66
19  23
1  38
8  21
2  44
7  34
24  71
15  11
5  30
14  60
11  53
6  6
26  18
29  70
13  23
21  58
15  63
24  64
22  70
11  85
5  25
18  39
4  23
1  32
7  43
12  79
6  47
28  45
18  30
23  72
11  70
3  23
9  73
16  3
4  15
20  46
27  57
21  4
27  12
17  18
19  7
23  7
11  83
27  37
14  23
12  36
18  13
26  68
13  61
10  12
21  59
10  68
11  31
9  3
7  1
26  78
29  79
9  70
17  77
18  61
11  48
16  4
5  47
1  44
28  54
28  71
24  72
14  66
11  80
5  10
4  28
29  23
12  55
1  41
9  10
17  78
7  30
16  30
19  32
12  67
23  25
5  40
27  65
12  76
5  80
1  43
29  25
14  82
10  19
5  69
22  36
4  6
7  61
6  12
9  76
29  70
6  58
21  18
9  74
27  55
18  58
9  83
1  34
5  34
6  62
18  4
4  57
16  17
14  48
3  19
8  80
28  48
1  45
19  67
12  16
19  38
17  3
29  78
17  60
12  59
20  53
4  43
29  52
13  42
22  68
15  39
14  62
28  6
14  61
6  61
7  5
4  14
4  23
8  32
14  84
20  18
24  67
12  21
24  57
3  61
26  4
16  20
11  28
27  35
12  7
7  30
21  55
3  34
25  81
5  5
16  45
27  58
6  29
14  24
13  84
17  14
24  53
10  30
11  61
9  11
16  70
27  80
14  73
16  78
3  22
20  33
27  3
14  48
8  71
15  47
29  26
3  35
5  83
7  33
17  21
10  19
15  47
24  72
28  23
14  55
10  42
27  80
27  58
14  63
25  44
7  69
6  13
16  45
14  66
5  32
8  72
23  78
4  30
20  82
3  21
9  40
28  32
13  21
22  54
6  59
14  2
10  48
2  35
12  74
28  61
26  1
19  11
12  57
1  38
15  66
2  23
25  5
12  29
13  22
6  68
7  41
8  74
22  42
4  23
1  21
22  48
8  22
14  48
25  15
17  84
17  68
11  25
9  11
14  5
9  45
16  38
19  68
26  75
9  57
5  69
9  19
29  65
20  61
27  61
3  44
16  12
12  3
23  8
17  30
29  83
11  80
24  18
1  41
3  47
24  63
12  41
25  71
3  26
11  80
20  77
1  45
4  1
19  69
22  63
27  25
3  68
23  41
12  27
2  51
1  35
20  41
1  39
3  29
2  64
16  28
21  60
25  5
17  40
16  37
17  26
11  56
12  68
29  13
12  29
6  78
18  2
13  35
20  20
23  34
24  14
24  13
21  38
6  33
14  69
26  14
25  61
13  47
8  70
11  48
10  60
23  7
8  49
13  65
1  59
8  74
28  57
29  47
26  87
15  20
29  60
13  69
9  60
26  67
26  55
20  38
16  85
20  65
11  76
14  55
15  39
29  7
5  21
25  46
1  60
25  82
17  16
12  71
22  3
11  72
3  74
4  67
21  58
8  33
14  86
26  8
7  78
25  63
20  13
24  62
15  47
18  8
15  53
19  54
26  23
20  41
23  20
5  43
14  57
14  10
6  60
24  66
4  11
5  78
24  46
4  75
7  30
10  49
25  73
9  23
26  83
5  18
11  73
11  73
7  61
13  80
26  82
23  40
24  3
4  39
13  36
17  81
9  20
10  10
1  54
5  22
22  18
16  80
29  37
26  83
8  66
10  16
8  11
8  37
12  40
22  6
11  82
17  51
2  45
18  22
26  72
29  7
13  74
5  70
19  11
4  4
3  76
5  70
29  60
22  46
12  72
26  56
22  29
21  47
3  5
19  9
17  60
29  22
12  31
24  8
23  16
7  87
23  23
25  20
3  88
5  88
24  77
20  80
21  33
7  47
14  57
19  8
2  22
17  86
26  59
19  3
5  31
13  65
18  48
23  40
28  69
27  61
6  5
6  27
24  81
24  64
13  11
22  79
12  42
22  61
23  75
29  34
7  70
24  14
14  49
28  78
1  53
17  58
11  3
1  20
14  26
7  86
5  73
29  40
6  51
22  86
22  12
6  26
24  6
19  83
13  8
9  1
20  84
11  19
16  20
8  7
5  32
22  70
8  46
13  17
8  70
4  68
24  33
28  86
20  46
2  74
2  80
29  29
19  56
8  4
4  18
2  57
10  86
9  49
20  22
23  22
7  15
1  4
16  6
4  58
29  88
3  24
2  45
8  71
1  58
1  80
24  2
20  13
27  41
8  62
15  13
18  50
15  49
5  67
16  55
10  35
3  1
4  88
12  84
28  82
21  17
9  85
6  49
21  24
29  69
7  72
6  15
29  1
9  1
22  35
14  56
27  21
15  44
20  24
25  79
5  66
8  87
21  6
25  18
26  77
4  13
19  75
10  65
18  80
9  50
16  9
22  13
15  26
22  70
16  19
22  36
6  28
18  17
23  30
22  9
23  56
20  14
5  11
26  29
21  50
6  66
11  65
13  11
14  72
11  83
27  68
21  13
26  28
26  75
13  83
12  18
10  6
5  52
6  19
23  1
14  60
5  34
10  63
20  29
24  51
23  78
1  33
22  8
16  76
6  72
3  31
25  41
16  42
3  50
15  8
7  16
15  41
1  81
4  22
25  7
26  6
23  68
9  60
19  72
14  75
1  29
12  7
3  19
15  41
13  77
29  87
23  54
18  37
18  1
29  12
28  85
14  29
22  17
11  67
29  17
13  58
12  77
7  23
1  66
22  22
23  80
23  26
25  80
2  69
16  47
21  60
25  51
21  61
25  56
21  16
22  80
22  23
3  37
6  19
1  36
9  13
1  16
18  6
20  80
16  20
27  54
13  33
7  53
14  9
11  54
8  56
7  7
19  29
4  81
18  79
2  36
3  51
18  49
26  55
11  84
6  14
8  84
20  33
5  72
11  62
18  63
6  63
18  76
2  25
25  77
17  55
26  86
27  35
9  63
7  9
23  38
10  16
1  26
29  22
12  6
5  15
25  14
16  73
5  26
24  14
18  12
9  63
22  46
29  82
5  13
16  56
19  84
25  62
5  15
15  13
8  77
13  72
13  40
16  74
25  53
29  17
7  10
24  67
11  25
16  51
27  24
25  16
23  1
8  3
10  45
26  50
21  88
5  78
26  25
26  85
4  25
4  53
4  77
21  14
22  25
10  35
8  19
22  85
8  74
18  43
20  81
21  49
3  27
2  4
3  52
27  40
15  58
3  62
25  31
4  70
4  52
23  12
2  43
10  26
9  17
8  74
5  14
8  78
25  26
24  62
12  54
18  29
14  29
27  81
7  21
14  53
12  53
2  85
20  36
2  45
4  67
16  69
12  57
27  21
6  10
2  65
14  3
3  18
24  4
7  33
16  34
1  80
24  40
18  71
3  73
24  32
28  85
27  80
28  78
19  74
15  86
23  57
28  54
15  1
18  53
24  75
29  35
25  44
21  25
12  40
12  40
4  88
27  2
16  38
10  8
29  64
10  73
28  65
27  76
4  64
26  19
10  2
28  44
20  51
28  36
29  44
19  66
28  25
8  38
19  27
5  28
20  37
8  9
22  45
18  41
24  17
8  42
3  58
24  32
23  10
10  22
9  22
27  46
6  88
5  5
8  75
13  86
29  35
27  17
19  73
10  40
10  73
27  38
28  72
21  60
9  45
28  66
16  18
1  78
21  15
22  27
17  3
21  1
28  24
3  53
27  74
22  70
5  76
8  35
21  16
5  76
29  40
8  3
8  61
18  71
19  75
17  77
24  23
27  66
20  78
15  58
14  12
3  62
13  54
16  46
11  60
14  59
29  86
2  47
7  82
11  20
1  63
2  69
27  34
1  69
25  74
15  10
15  34
28  78
15  66
28  18
28  58
3  22
29  61
7  81
6  46
16  2
25  9
14  73
15  80
28  69
14  8
11  27
6  48
14  47
25  62
18  67
15  6
24  9
7  79
7  6
15  12
12  29
5  44
6  76
17  30
11  15
2  44
8  24
21  67
17  24
3  45
5  85
3  27
25  31
20  58
7  8
2  88
23  56
25  67
21  58
23  55
20  31
27  74
17  21
28  38
26  59
11  42
7  52
23  21
21  85
10  80
5  85
13  71
24  24
13  60
20  32
3  23
4  56
4  30
20  46
2  69
26  61
27  67
23  4
23  33
16  31
15  70
24  71
16  20
9  17
17  65
9  72
24  27
13  39
6  84
26  55
25  77
8  81
7  18
2  26
17  34
4  8
13  73
10  20
27  51
24  14
27  63
1  71
22  6
7  64
14  15
19  5
12  57
18  13
7  52
27  72
28  36
12  37
18  67
13  23
22  9
25  12
11  43
28  26
26  21
11  62
17  45
12  34
25  86
25  82
9  21
9  76
15  28
11  18
27  9
2  29
3  10
25  79
9  39
2  84
12  43
3  78
26  64
22  4
28  47
4  23
2  33
11  49
5  45
9  74
25  87
17  16
29  24
18  34
3  88
21  73
14  29
20  76
4  78
15  62
23  56
10  6
12  12
17  3
16  4
22  82
6  72
13  21
13  10
2  42
2  10
5  85
17  70
20  11
1  41
28  68
20  38
12  12
9  10
22  62
12  52
13  29
27  42
8  49
26  73
25  82
14  32
17  85
28  58
1  40
23  86
13  50
1  21
13  60
4  47
16  55
8  10
3  49
6  56
24  87
3  27
29  88
10  16
2  43
28  86
4  6
23  65
15  77
15  7
10  51
27  79
3  24
24  25
23  23
12  69
21  59
13  36
17  30
23  21
11  29
22  37
15  42
16  22
1  71
12  50
26  85
8  37
24  31
23  61
16  54
12  55
17  33
16  14
29  8
18  18
27  78
20  35
10  72
25  33
23  30
8  66
2  45
6  31
4  63
1  11
21  80
9  48
6  5
3  72
3  11
26  69
17  9
10  53
15  20
13  54
11  13
18  18
2  32
16  55
16  44
8  38
10  10
17  85
24  84
22  19
12  35
17  32
3  45
12  7
21  81
16  49
6  56
20  22
14  74
27  50
6  50
7  10
9  23
6  10
7  56
12  5
11  68
22  80
29  67
1  67
25  44
21  61
27  11
3  59
12  46
1  60
16  45
1  76
17  77
4  83
25  47
9  50
25  1
4  81
15  56
24  32
15  24
20  40
18  3
19  52
6  26
5  10
3  58
17  40
16  29
29  4
1  36
1  45
7  15
9  23
28  9
3  7
24  10
9  84
6  10
8  70
16  47
18  22
23  36
8  56
5  14
3  41
3  3
16  58
26  33
25  6
4  41
1  62
9  38
8  22
21  70
28  60
1  52
17  68
1  86
29  19
7  18
2  54
22  88
11  22
14  36
26  2
12  28
9  9
27  24
23  27
10  18
17  50
17  75
8  66
24  46
3  2
28  46
2  47
1  24
6  20
1  60
29  63
20  86
18  66
20  27
29  69
1  74
14  45
24  40
23  27
24  24
29  3
5  85
7  47
25  21
20  64
8  5
17  9
21  19
3  72
28  12
25  57
16  42
4  56
14  88
11  3
13  78
8  26
15  76
22  4
3  69
4  7
25  2
8  59
5  79
8  28
19  86
7  83
20  14
2  88
22  15
1  61
15  69
26  9
3  23
12  24
20  19
12  44
5  56
23  67
1  55
11  20
16  70
26  86
20  66
1  88
3  73
22  31
18  42
11  7
11  65
15  80
3  35
16  60
9  10
3  59
14  5
10  84
17  16
17  8
13  3
15  36
27  57
17  75
7  48
15  85
9  15
26  49
12  57
16  34
15  5
14  24
21  71
6  46
7  31
26  84
10  84
13  25
3  20
19  6
22  43
3  17
6  13
7  29
3  1
23  35
12  29
26  63
28  64
8  33
11  16
1  53
17  65
3  82
6  14
26  68
13  23
19  63
21  63
16  41
27  40
29  9
10  77
15  26
26  12
19  6
18  55
18  9
18  38
15  52
1  18
21  57
16  48
18  74
8  24
25  49
1  25
1  11
19  74
23  86
17  48
27  3
27  31
7  10
9  47
15  2
18  5
13  1
15  26
11  54
22  60
1  48
4  79
21  42
12  16
27  87
17  22
6  20
19  13
29  78
2  24
6  80
22  74
12  80
2  2
24  15
3  41
5  4
14  80
27  85
10  83
20  65
18  84
19  36
1  5
15  63
15  46
10  11
27  7
7  74
1  74
9  59
12  41
14  8
19  7
1  21
24  22
19  23
4  84
12  71
18  50
26  10
15  76
19  70
27  62
25  51
3  56
18  75
23  88
27  47
19  33
14  56
7  53
1  79
28  60
13  49
7  57
27  19
1  5
5  38
10  83
20  38
13  23
22  69
7  76
9  39
2  88
6  57
15  30
2  19
23  79
25  40
21  14
12  62
28  63
25  22
17  51
25  25
8  59
16  28
8  87
26  10
25  26
5  77
17  3
11  1
11  34
14  45
18  68
15  15
12  14
23  10
2  50
24  46
14  33
16  61
13  21
1  37
14  49
19  47
7  64
22  51
22  31
18  22
5  80
28  81
29  28
21  7
28  36
19  43
25  59
6  3
11  27
9  61
11  59
13  20
25  35
27  55
26  36
29  30
1  86
21  10
25  22
20  48
12  68
21  2
12  55
3  50
8  21
28  36
4  51
9  15
6  62
15  39
22  3
12  42
27  57
6  60
10  17
1  74
6  79
6  16
11  24
22  15
12  87
2  31
20  22
17  60
20  53
19  32
5  10
10  5
26  14
2  37
20  32
8  16
7  8
7  9
24  2
18  22
15  4
11  26
12  86
5  88
9  29
8  78
19  52
14  28
8  48
15  47
5  47
11  55
20  76
29  81
22  33
2  9
28  57
18  72
7  32
14  22
28  66
2  37
3  5
3  65
4  85
9  7
2  34
19  65
20  39
18  28
1  81
10  38
18  18
19  71
29  65
15  35
1  32
17  9
18  50
7  19
13  7
17  2
26  69
3  53
20  44
13  46
19  38
20  33
20  74
17  18
9  36
22  58
2  74
1  5
18  77
25  27
24  82
29  74
17  76
24  60
23  16
25  34
2  37
14  85
4  46
26  60
5  53
15  39
12  37
5  71
3  28
29  24
6  27
6  68
28  60
1  13
26  15
3  62
3  57
17  14
17  49
10  59
1  24
16  71
15  5
8  17
25  50
18  27
25  46
11  27
5  88
13  33
11  20
1  20
16  62
3  1
12  88
10  25
8  17
10  77
5  5
20  57
14  59
11  18
21  15
22  69
10  36
2  46
6  69
2  66
16  8
4  1
28  63
21  75
5  45
5  70
26  34
21  81
19  75
15  88
26  33
29  5
6  60
8  23
28  3
16  50
27  19
23  75
23  42
21  37
21  86
2  45
2  63
2  70
2  6
17  82
28  65
11  15
23  20
7  41
13  77
21  33
24  59
6  10
13  28
21  11
23  10
25  30
26  18
1  29
1  65
10  35
19  58
19  30
24  64
8  71
6  85
20  67
5  5
26  2
13  66
18  17
3  28
6  22
11  20
16  32
25  46
20  64
9  81
25  87
14  5
4  14
17  87
29  20
16  67
23  8
1  23
13  59
17  24
16  56
18  60
29  68
2  67
26  28
13  66
22  87
14  61
28  81
13  25
26  64
2  83
17  63
24  32
13  45
10  2
25  81
13  84
27  4
17  75
28  51
26  81
18  16
2  70
17  52
14  53
27  43
2  72
10  44
19  81
9  27
10  7
4  28
27  1
7  62
6  66
3  34
11  25
18  7
12  51
12  84
17  47
19  25
20  86
27  50
5  54
2  16
29  49
17  78
10  22
14  21
2  28
13  20
11  30
6  80
22  8
13  20
1  37
27  13
23  2
11  45
25  26
25  58
9  14
24  33
13  88
18  60
26  13
20  62
19  70
11  63
4  65
5  41
14  81
23  5
15  86
9  66
9  73
8  67
20  1
26  68
9  11
15  25
26  18
13  27
22  27
24  24
8  19
5  62
11  23
10  3
25  40
21  60
16  65
4  88
3  62
5  72
6  67
25  46
6  54
1  39
27  66
15  7
7  72
27  15
4  60
23  69
21  34
17  16
15  4
10  29
18  73
12  20
16  3
20  73
3  52
19  7
6  46
8  39
27  38
6  25
6  12
15  61
23  10
15  73
16  87
28  71
6  86
14  49
15  32
26  76
16  18
7  22
10  52
10  38
14  8
10  47
10  67
2  32
21  43
25  75
8  53
11  16
26  42
2  85
19  53
29  20
6  76
5  57
26  48
12  86
22  50
26  78
2  20
10  50
11  26
24  19
2  43
2  61
21  8
1  83
14  71
21  45
4  28
28  27
16  5
2  45
1  64
7  81
20  60
22  15
1  65
3  68
22  61
29  9
7  27
16  40
10  18
29  67
26  63
21  33
8  64
14  61
11  23
21  68
3  79
15  43
13  61
17  35
29  30
18  50
16  41
15  39
5  65
8  18
22  82
19  77
18  77
9  51
1  57
29  12
29  72
7  10
11  83
23  83
15  43
28  11
19  45
10  29
11  81
27  21
23  56
14  62
28  31
19  19
8  28
29  84
7  52
20  39
12  6
14  16
27  40
9  31
6  52
28  37
8  86
4  18
12  5
4  61
10  19
15  1
9  83
9  57
17  6
25  64
7  50
13  39
12  32
7  12
7  88
17  35
2  19
5  60
27  13
6  56
1  21
24  25
17  58
3  22
28  11
1  24
27  75
18  75
20  56
24  76
11  7
29  76
1  21
9  62
16  68
26  83
24  8
4  71
14  61
5  79
22  31
17  58
16  14
17  33
16  44
25  12
16  51
12  43
22  56
16  37
7  14
6  25
10  17
14  63
21  24
18  57
13  22
22  83
21  13
15  36
27  55
4  80
4  2
9  68
18  63
16  38
4  88
12  86
6  28
29  52
7  24
25  55
27  59
28  79
2  30
4  81
22  38
22  37
20  71
1  28
20  7
19  3
22  45
16  15
22  28
29  4
13  31
12  38
13  27
11  43
14  75
3  83
10  28
15  53
12  47
20  31
26  4
18  17
26  32
15  7
12  46
12  81
25  43
7  41
22  1
21  49
21  34
22  22
25  55
22  84
6  28
10  88
2  73
22  84
13  16
6  74
7  21
10  73
16  71
26  37
14  42
20  62
7  22
23  47
16  80
25  48
9  27
23  59
28  67
18  72
24  6
14  45
4  31
10  78
7  23
18  60
22  74
25  69
27  20
8  81
13  6
27  60
29  57
24  84
12  22
13  9
8  79
7  60
12  13
22  45
6  15
29  37
18  20
11  60
24  54
2  88
5  67
23  76
12  41
26  48
6  77
17  66
15  48
1  33
16  22
28  58
27  28
4  41
17  85
7  38
13  66
16  17
23  84
14  83
25  31
3  3
7  29
29  9
4  67
1  66
27  76
21  65
24  88
23  39
23  65
13  78
27  50
11  80
27  13
17  54
24  71
18  8
1  9
8  33
18  70
26  67
23  60
29  22
14  9
18  16
11  76
23  10
19  84
17  47
10  41
12  2
14  61
24  19
9  79
8  21
16  68
22  79
27  58
13  85
22  42
5  42
13  17
24  12
1  75
18  36
24  61
12  25
7  14
11  32
12  80
22  34
2  33
9  66
16  9
5  57
10  71
27  8
11  68
5  58
7  68
25  3
8  20
12  56
1  20
8  36
18  67
5  37
12  65
27  49
22  46
16  24
5  12
26  7
2  3
5  86
5  33
14  87
12  11
13  51
26  5
1  59
21  18
22  32
28  33
5  47
3  28
25  84
10  70
2  26
6  8
23  53
10  55
20  28
5  14
5  46
16  44
15  16
1  66
5  32
1  59
18  1
7  16
16  83
20  23
2  46
22  7
15  19
11  67
3  87
11  73
23  21
3  85
17  71
23  70
11  73
1  69
29  34
16  30
22  47
12  45
5  38
28  54
18  68
2  48
14  11
5  79
11  4
6  4
23  53
15  84
1  7
10  66
19  86
19  17
18  13
29  35
9  86
3  39
16  60
10  66
2  37
21  4
15  22
19  78
10  13
12  53
2  85
2  70
25  82
9  70
17  2
13  28
1  51
23  70
27  54
26  69
19  48
5  38
14  57
21  29
12  67
2  40
22  25
3  53
19  25
25  65
18  24
27  7
13  80
11  1
18  8
20  29
15  72
2  15
19  48
28  47
4  52
25  87
15  22
9  76
27  40
20  30
6  3
7  45
7  82
1  34
18  20
22  71
7  10
2  60
19  54
27  63
1  43
2  63
8  7
29  85
9  18
9  16
12  57
25  43
14  20
15  61
29  8
25  21
29  25
26  40
13  8
19  25
7  53
8  3
7  57
20  6
12  67
25  11
21  29
28  86
13  50
23  63
28  86
18  45
13  58
1  24
28  10
29  17
3  21
4  72
13  73
10  74
15  80
17  21
22  19
10  17
9  57
3  76
15  68
21  74
22  16
5  16
18  32
12  11
15  80
3  26
22  49
24  77
22  84
8  56
21  62
8  80
22  44
29  56
24  84
19  56
13  15
24  11
16  63
1  52
11  72
29  77
3  6
27  75
5  28
10  57
8  68
28  63
29  40
10  86
3  11
16  35
1  76
18  54
3  64
1  78
18  28
25  36
2  68
10  72
18  27
4  67
14  87
16  74
19  48
25  3
28  61
19  80
23  10
8  69
25  26
23  15
19  38
24  19
9  23
26  65
21  53
19  43
10  76
22  69
16  64
12  3
22  46
11  49
29  78
25  75
2  32
2  26
12  74
28  24
5  59
12  80
9  39
20  61
3  16
5  85
19  37
19  57
14  1
24  36
13  59
8  69
11  62
12  67
1  76
1  77
6  20
27  3
7  12
19  60
12  13
24  68
22  42
5  10
29  44
23  52
15  30
12  31
15  79
20  55
18  17
24  62
11  45
16  61
17  25
27  21
11  32
10  88
2  84
8  33
13  18
19  69
27  49
17  36
14  57
6  64
21  28
13  25
3  36
12  50
28  57
10  84
10  29
26  20
3  22
24  11
17  22
8  59
14  67
19  9
10  62
28  76
15  66
15  56
23  19
20  86
26  65
10  68
22  39
11  36
29  36
20  68
11  70
6  50
6  13
1  58
15  35
27  77
17  62
5  7
16  80
15  86
18  44
9  42
13  68
10  5
21  59
5  16
28  4
8  71
27  29
15  50
14  68
3  41
3  45
12  44
5  85
2  52
29  22
20  41
26  87
13  41
22  22
29  42
11  21
20  12
13  79
14  78
22  53
20  27
17  2
3  57
8  87
7  54
10  27
3  79
18  43
4  78
14  34
23  15
23  85
15  15
19  78
16  26
1  74
12  39
14  81
7  50
8  50
28  39
17  1
27  22
1  30
22  87
7  26
24  26
29  48
7  35
26  30
22  73
13  55
20  82
3  23
5  21
4  74
7  51
7  73
5  18
9  10
1  72
11  59
27  24
19  34
11  44
6  20
28  56
15  40
7  46
9  87
23  28
13  27
26  86
23  41
4  72
21  60
6  29
8  15
11  53
18  79
10  70
25  43
12  42
5  57
4  17
3  46
11  51
13  73
20  60
5  12
25  28
15  24
19  18
24  13
25  20
27  67
18  62
26  72
5  69
29  69
14  86
14  79
9  47
7  80
26  42
16  87
16  82
7  66
20  67
22  39
15  59
1  50
19  38
15  53
29  18
24  34
10  41
28  86
15  20
10  75
18  34
15  37
15  5
9  22
24  77
3  81
27  19
15  7
9  60
11  33
9  32
27  58
21  38
8  88
1  78
27  56
20  42
17  43
5  18
7  40
8  51
12  55
19  67
11  32
6  59
4  86
23  41
7  19
5  17
22  80
2  24
2  81
27  61
22  28
1  36
7  60
7  48
14  54
27  69
26  47
16  31
24  88
20  74
7  55
6  23
24  59
27  31
28  27
22  47
6  84
23  73
4  6
7  3
22  1
12  77
15  73
8  36
29  27
11  47
2  19
19  34
3  60
5  23
19  19
29  5
18  64
14  74
29  25
16  85
13  69
15  81
2  42
1  87
17  20
25  19
17  11
25  72
13  31
4  75
7  83
21  25
10  27
17  30
4  51
8  11
8  29
19  59
26  87
12  74
2  87
24  82
6  83
5  76
10  65
23  40
6  80
20  25
18  18
19  47
3  22
13  66
20  22
10  39
23  34
11  83
13  6
10  50
3  63
6  42
24  21
5  65
18  70
8  23
3  8
28  74
10  56
15  68
25  3
28  3
23  31
25  45
3  64
26  61
25  11
11  78
29  88
4  11
10  1
6  1
1  41
4  50
4  35
5  55
7  72
19  81
26  28
18  36
29  78
15  16
20  82
27  13
9  69
15  34
5  28
10  50
19  26
29  76
19  28
23  86
14  66
24  37
2  12
15  84
10  14
7  14
8  50
14  65
16  57
5  26
28  69
17  70
5  70
28  52
20  31
7  77
26  52
17  5
29  83
23  57
8  44
20  12
17  45
13  88
28  79
23  14
22  23
27  2
6  9
2  78
4  48
10  24
21  75
25  59
14  76
22  87
22  50
7  46
12  81
21  53
20  59
22  66
24  5
12  16
14  8
3  21
4  27
2  20
12  26
6  3
11  85
16  19
29  7
21  7
25  80
20  12
29  42
7  44
24  53
24  14
17  71
22  61
1  19
4  75
24  53
8  19
21  80
13  80
4  60
19  21
6  87
13  81
15  87
10  22
23  65
10  47
2  57
26  28
10  78
4  83
20  9
29  5
20  50
14  50
15  71
29  41
15  2
6  48
4  30
4  13
23  86
1  79
3  50
26  20
6  23
10  87
4  73
1  21
26  31
25  77
18  4
6  82
22  77
17  30
28  68
17  76
7  8
15  58
15  55
21  73
20  9
15  19
8  26
16  72
12  59
25  69
16  5
6  82
23  76
17  13
7  68
7  56
23  19
24  52
18  67
17  41
10  74
10  3
25  79
14  42
26  42
11  46
3  65
10  13
11  19
26  11
28  67
15  77
11  35
22  26
7  34
21  14
9  36
9  28
13  4
4  23
6  40
13  21
27  9
22  57
22  30
28  67
9  60
19  78
28  84
21  38
16  65
19  4
29  52
11  48
29  46
4  34
13  9
24  45
3  51
27  16
16  73
26  73
19  44
6  16
9  42
29  38
21  67
7  33
13  14
15  29
18  40
24  40
28  33
3  49
25  51
23  54
12  47
16  66
26  70
1  55
9  24
26  13
25  53
1  71
11  22
17  38
8  39
10  36
25  19
21  55
23  28
2  57
11  38
13  8
13  14
19  6
15  4
6  63
13  66
16  18
6  48
8  39
15  54
6  84
27  37
6  43
25  66
18  35
16  40
14  1
2  57
10  42
14  8
2  48
11  54
3  40
4  8
11  52
4  25
2  1
29  57
13  31
13  50
4  40
14  10
4  23
2  42
17  7
23  66
12  69
23  70
1  83
18  26
14  25
24  5
6  26
14  5
14  64
24  39
15  61
17  8
21  88
15  29
22  64
27  76
15  40
8  54
6  79
22  49
24  3
24  29
2  9
17  27
8  3
7  37
8  78
15  62
13  47
5  23
1  26
7  75
24  39
21  88
8  18
26  83
21  44
9  54
25  83
17  64
5  27
9  1
26  71
19  8
29  16
23  76
14  73
14  19
9  13
23  82
15  13
16  10
23  10
24  75
21  51
10  48
24  4
6  54
11  19
23  34
19  16
2  7
12  32
27  80
17  70
25  48
21  47
27  3
16  64
9  57
2  86
18  39
13  42
4  57
7  23
4  24
1  1
5  60
27  20
17  86
22  70
8  53
8  26
9  59
27  66
22  19
15  88
16  41
24  57
6  37
17  47
7  30
8  49
5  15
1  41
10  25
23  17
14  5
15  83
20  20
3  12
29  69
11  13
29  2
26  30
18  15
28  38
24  63
1  75
7  13
21  58
29  13
20  84
8  45
17  14
8  3
7  3
2  28
6  64
16  13
15  43
29  34
1  65
1  73
26  67
10  82
13  36
22  61
14  42
10  8
1  30
15  60
21  57
29  11
17  37
22  16
9  54
27  26
26  75
27  86
24  37
29  49
7  59
6  71
7  86
13  67
19  32
16  27
19  76
7  46
19  34
6  61
15  10
3  60
20  26
18  20
11  37
23  54
9  18
9  37
19  38
29  40
21  87
26  4
6  39
23  18
11  33
17  58
29  43
24  83
10  31
1  5
28  16
21  21
11  30
3  29
14  77
7  6
5  16
29  10
12  62
9  34
11  87
11  57
18  85
3  44
3  17
7  38
9  8
15  19
26  50
29  41
25  24
27  7
5  55
8  19
1  53
23  19
22  87
18  23
18  76
28  17
27  26
19  35
17  59
1  20
11  67
2  46
26  25
26  7
13  32
14  41
28  41
19  72
26  46
5  48
22  21
23  17
5  39
8  88
6  76
20  75
25  37
23  8
4  54
14  26
22  54
17  18
21  68
28  86
7  64
25  32
29  19
17  70
29  27
28  1
20  63
24  28
27  68
20  19
18  66
18  61
19  62
1  48
1  4
19  80
21  48
20  19
6  9
15  4
19  19
7  42
9  32
28  12
18  19
19  75
9  40
23  44
2  27
11  40
7  35
27  50
23  35
19  61
15  37
16  71
25  19
14  38
27  36
25  78
3  79
5  84
9  14
1  33
27  42
4  86
5  87
12  57
13  77
21  34
25  18
14  36
24  71
6  19
15  21
10  46
22  19
5  49
27  88
9  75
14  39
20  78
1  28
21  88
6  49
20  29
16  37
25  31
22  10
16  75
14  41
26  17
19  12
2  88
5  40
15  83
5  5
23  20
1  12
4  60
10  76
20  12
12  72
21  43
5  40
11  12
26  27
16  34
27  78
4  35
24  12
29  71
8  9
23  12
9  4
24  32
2  49
14  33
9  25
3  44
16  79
15  24
10  47
23  30
27  4
25  64
14  22
5  51
26  7
5  42
1  65
26  64
21  70
1  34
19  11
2  70
14  49
28  76
4  17
27  8
27  12
27  73
2  44
15  42
10  43
3  58
19  22
10  17
26  77
4  41
26  81
19  54
10  83
19  20
6  61
24  61
10  87
1  3
16  81
8  88
24  56
24  87
19  63
5  70
23  10
2  19
9  26
19  64
13  64
4  28
27  8
19  64
27  60
26  18
19  9
23  81
12  82
1  31
11  64
23  84
5  74
1  36
4  7
28  7
14  29
27  32
15  60
16  5
3  85
27  34
3  17
4  66
9  87
4  20
2  5
4  6
3  25
16  48
10  37
22  23
14  54
11  36
5  15
23  81
26  15
5  79
8  67
1  87
19  73
14  43
22  82
10  8
6  11
29  51
9  33
1  85
7  78
16  20
23  68
25  47
27  5
26  85
24  29
5  19
16  76
20  80
5  68
2  7
2  19
7  81
26  69
28  20
27  18
24  51
25  55
28  67
11  4
26  48
23  57
1  42
7  30
24  31
11  13
7  70
5  78
11  77
16  15
12  72
8  46
3  39
14  45
6  50
2  56
8  20
28  85
27  25
1  73
16  68
18  19
13  2
18  47
1  61
28  18
22  78
27  13
28  26
9  32
4  56
16  20
8  20
19  36
6  67
2  17
15  43
16  9
18  22
22  28
12  44
3  66
3  73
12  76
28  66
16  22
24  39
22  77
3  14
9  27
6  76
29  36
26  88
16  11
28  86
27  78
22  85
11  28
3  86
21  31
12  49
17  33
23  69
11  39
15  60
29  84
16  41
16  60
2  7
16  14
20  47
14  44
17  69
13  34
1  80
28  81
1  44
7  39
8  38
26  61
24  51
24  37
16  85
24  37
3  4
13  44
21  28
18  24
16  24
13  50
28  4
10  39
3  15
3  43
1  13
10  28
5  47
12  24
4  13
11  28
17  18
14  3
9  10
21  87
4  59
27  87
23  60
5  4
6  86
11  57
3  30
29  48
8  84
8  3
5  84
4  77
5  23
15  6
28  36
29  68
24  64
6  77
24  71
16  78
19  21
18  38
14  70
25  20
18  14
6  81
20  47
10  12
2  77
8  65
9  7
18  12
16  12
6  80
16  46
20  71
15  32
22  52
25  64
25  61
26  41
3  14
17  81
17  84
9  49
22  48
10  54
29  59
19  2
24  76
5  72
25  59
23  83
20  25
13  73
21  46
3  25
22  47
10  78
13  26
2  71
6  71
3  13
8  61
6  56
2  85
12  22
17  47
4  81
3  48
16  12
14  5
7  42
26  30
18  35
9  58
1  59
26  66
27  17
7  85
18  33
22  88
5  70
29  47
8  16
26  77
12  45
20  60
13  24
28  33
17  35
26  71
12  81
15  30
1  37
5  47
8  32
15  8
11  3
7  23
15  74
25  52
14  49
19  63
29  62
8  75
10  82
28  22
18  85
12  86
25  45
24  41
6  11
1  72
24  50
5  42
15  37
6  33
24  51
3  11
29  65
21  56
29  77
14  2
2  83
9  85
15  38
15  5
24  28
20  63
20  86
12  85
17  27
7  57
6  64
23  76
10  30
23  68
20  72
6  48
17  63
25  17
3  75
18  48
19  41
13  86
3  12
6  51
4  33
15  62
13  27
17  38
9  7
16  43
8  29
27  68
27  20
28  46
11  25
28  69
11  44
15  66
13  71
25  57
2  11
10  86
3  56
6  52
9  33
29  41
29  43
11  74
1  64
27  6
25  59
4  1
17  66
23  32
15  11
26  75
29  21
9  4
18  52
28  75
17  56
14  51
8  83
13  61
23  13
3  14
27  14
3  16
6  63
11  26
27  85
10  13
9  3
23  12
10  19
9  70
22  64
28  12
26  3
16  65
6  32
3  67
15  5
29  45
27  15
6  62
6  24
6  42
19  81
29  34
24  71
27  74
21  13
29  40
23  30
7  36
22  54
19  16
21  60
19  5
20  38
16  23
1  57
20  71
20  58
22  3
13  62
10  35
18  27
7  83
5  33
14  24
27  1
24  81
3  72
24  76
18  47
9  17
10  11
9  15
6  68
1  9
6  28
8  5
18  69
23  49
16  79
3  82
13  38
18  42
8  12
18  77
24  64
2  72
1  2
20  7
28  17
1  58
5  44
24  83
28  25
14  46
11  37
21  21
28  9
7  23
23  21
2  21
19  3
3  81
18  75
9  59
26  87
21  41
10  50
28  50
16  10
5  39
18  38
25  22
15  62
10  85
12  46
25  48
19  78
24  78
1  9
29  78
2  64
29  74
29  51
28  53
23  83
20  38
23  78
23  1
11  72
8  14
24  51
19  9
3  19
5  85
15  57
5  61
11  81
23  33
11  66
1  81
21  41
28  33
10  58
17  1
5  45
17  64
23  65
11  5
25  8
25  57
7  6
21  36
6  30
25  66
21  43
13  82
5  24
20  3
12  62
27  51
1  80
20  86
7  67
8  55
22  23
6  38
27  20
20  6
10  19
2  66
15  59
26  11
5  53
26  72
21  12
25  19
19  84
4  44
4  54
6  21
2  53
29  24
2  24
9  40
27  20
1  75
12  5
24  65
12  58
22  45
22  58
15  12
9  6
18  38
5  61
6  16
5  14
17  36
17  77
17  22
17  5
6  35
3  78
22  56
17  4
21  20
16  84
15  12
6  67
2  1
17  4
6  23
2  46
17  20
11  88
7  75
19  42
29  29
15  25
11  4
20  38
8  19
22  61
22  44
6  69
5  47
20  88
22  52
7  32
18  6
27  60
27  4
2  30
25  5
27  11
24  40
11  30
13  77
18  1
10  2
19  81
10  46
3  84
29  84
16  66
14  13
9  85
3  77
27  55
15  88
26  63
29  16
17  39
5  70
11  4
3  50
2  51
27  41
16  37
12  35
15  55
7  29
3  24
26  41
5  55
9  8
14  9
19  58
26  84
26  74
1  76
11  16
5  7
28  52
6  14
1  84
8  66
7  42
11  57
2  29
16  76
26  27
20  78
19  64
18  51
16  13
10  74
11  15
17  73
9  19
6  43
8  68
17  33
17  48
1  50
12  77
14  72
11  11
2  25
15  22
10  70
6  11
12  28
20  84
14  20
14  82
28  73
19  86
10  78
16  44
17  65
19  36
17  80
18  38
6  47
1  66
22  74
28  57
9  29
28  59
20  70
9  38
16  27
28  71
9  70
13  57
12  74
19  15
14  72
16  87
23  27
6  70
10  36
12  74
8  66
25  79
5  49
18  33
12  62
7  19
26  5
5  18
2  8
3  26
12  12
11  74
24  81
14  86
18  54
19  25
3  86
21  29
13  51
6  65
8  5
12  53
26  55
18  21
8  31
17  24
4  16
15  12
11  14
13  23
9  29
18  36
28  61
24  65
24  78
16  73
19  53
9  27
25  88
1  45
3  20
27  54
18  72
19  15
22  61
11  37
1  85
13  87
29  20
26  6
7  56
8  69
7  17
11  70
5  20
4  47
20  50
27  55
5  16
29  81
26  18
15  84
27  17
18  12
2  79
15  57
3  27
25  73
20  53
27  53
15  87
2  77
19  21
5  1
25  67
20  5
5  18
13  79
3  39
1  72
1  8
18  5
22  60
16  10
19  22
11  66
12  36
21  53
17  10
1  78
4  15
14  87
21  25
22  83
24  26
27  24
16  46
9  24
11  87
3  58
11  39
3  26
9  41
26  73
24  45
19  26
1  6
10  75
10  82
4  12
21  61
12  47
26  82
2  43
13  56
23  47
16  20
3  8
27  41
24  23
17  32
9  34
22  61
27  37
24  73
29  37
24  62
29  17
7  82
4  37
11  74
12  44
25  42
17  41
25  15
3  2
12  82
24  82
12  81
2  18
10  67
12  67
6  55
17  58
26  1
22  8
25  27
14  21
8  76
17  1
27  16
28  30
29  52
3  14
24  44
28  84
14  67
8  73
26  37
7  38
12  44
19  1
12  22
22  86
13  63
7  35
7  56
9  80
17  44
19  81
1  51
14  33
5  77
3  77
20  52
16  2
14  46
1  3
25  6
19  67
2  14
9  52
21  75
25  58
21  77
5  40
2  26
6  20
13  30
3  80
1  72
13  8
11  52
7  28
20  65
25  9
28  6
7  48
8  86
3  18
9  44
1  62
1  45
12  1
10  17
2  65
6  21
29  70
16  1
1  69
13  65
26  35
19  18
14  66
6  50
17  59
11  52
10  48
1  23
16  60
14  59
15  58
19  23
15  79
1  73
23  5
11  3
19  44
14  22
22  31
16  38
17  65
10  82
12  58
24  6
22  34
6  23
22  72
21  18
16  71
27  57
8  54
25  51
19  10
10  71
25  67
3  5
17  24
22  9
16  15
28  13
28  85
27  57
19  30
14  34
5  34
29  84
14  85
4  53
7  25
16  8
8  41
21  11
3  36
15  61
19  28
6  63
17  35
15  78
2  81
27  2
19  61
14  39
12  13
12  21
28  11
2  54
14  22
14  35
3  34
28  59
17  5
27  26
4  7
5  33
24  77
26  64
29  74
23  13
4  35
15  7
23  45
1  76
23  54
22  11
15  52
15  46
21  86
28  88
24  85
11  63
8  62
21  86
21  39
14  50
1  27
11  7
21  20
22  22
8  76
1  29
16  56
1  11
20  82
3  86
13  1
8  35
8  71
7  1
27  55
18  3
7  40
5  64
20  3
19  81
25  37
24  78
20  25
15  13
25  53
28  64
6  71
5  34
1  61
16  46
29  86
1  83
20  87
11  88
8  45
5  16
26  76
26  82
20  3
23  80
3  45
24  50
26  4
16  31
4  59
27  47
4  24
20  23
9  52
21  65
20  9
15  80
10  23
17  21
28  82
21  9
1  12
24  32
28  50
9  86
1  54
11  17
17  1
13  58
22  34
5  81
28  48
3  68
28  48
2  59
1  83
24  76
6  62
12  78
17  31
18  20
2  58
13  40
16  37
2  16
18  46
4  42
17  63
28  32
4  11
20  56
24  32
29  27
5  9
20  88
28  22
24  60
3  58
13  32
21  49
7  62
10  20
3  41
20  11
22  49
20  5
18  16
24  71
18  36
28  63
1  49
10  11
26  66
27  19
17  4
10  24
21  16
27  39
27  2
25  86
22  82
15  26
26  87
8  27
26  3
18  4
12  31
9  19
15  19
4  49
29  2
5  54
22  32
14  52
9  33
4  86
7  80
7  62
11  48
14  40
22  51
26  54
8  4
22  56
16  83
7  31
8  68
12  79
21  20
14  47
17  66
27  6
25  78
21  20
8  49
28  58
16  72
16  71
2  22
22  64
26  84
27  18
5  8
16  47
23  40
16  35
29  41
18  50
19  56
16  25
19  44
16  69
27  7
6  11
11  23
20  5
20  13
25  22
3  24
25  66
28  39
23  85
15  58
3  79
2  27
21  64
5  47
4  14
12  3
22  64
25  76
28  37
26  63
19  22
28  66
28  77
13  5
29  9
16  64
9  39
19  75
6  70
12  12
19  79
20  16
16  87
12  65
11  59
15  40
28  47
29  88
20  3
8  47
12  58
16  17
14  40
3  2
5  47
27  80
20  22
21  59
19  55
7  26
23  75
16  83
7  45
12  31
6  56
27  24
16  69
5  15
18  37
13  14
24  15
28  31
29  78
17  7
5  10
23  3
2  26
9  29
13  75
13  3
25  40
5  20
22  78
5  40
6  9
12  75
23  33
5  21
3  35
3  9
7  5
22  32
14  82
11  65
1  62
5  64
3  63
20  40
16  16
28  86
12  35
5  12
20  9
7  46
15  57
15  36
21  84
26  53
13  33
6  28
26  2
24  42
9  17
25  63
27  8
6  46
4  60
4  53
12  45
28  54
7  29
15  45
10  50
13  37
2  42
25  25
2  18
4  36
14  51
25  86
14  17
9  52
19  81
7  59
12  23
26  72
13  65
7  23
19  36
27  30
6  81
9  68
19  11
16  28
1  55
10  64
16  80
20  60
4  87
12  41
21  36
24  26
18  83
5  54
24  85
16  50
22  58
20  74
18  56
9  68
2  67
13  82
3  49
6  34
2  57
27  19
23  31
29  30
1  6
29  31
11  67
5  54
15  17
25  38
13  87
16  58
20  74
29  47
9  80
16  66
15  2
3  30
8  29
21  10
2  70
2  13
18  7
29  47
10  35
4  53
22  9
11  40
15  64
24  27
1  56
21  79
20  8
14  86
28  66
28  48
14  23
5  52
12  80
11  23
22  10
12  18
3  13
21  67
25  25
2  35
17  14
12  47
22  7
4  5
24  1
2  85
8  78
27  73
20  40
29  51
9  28
11  58
12  53
5  7
14  58
6  42
28  29
24  61
29  65
22  9
11  47
4  61
27  69
25  24
16  4
23  79
10  52
25  39
25  14
22  41
21  13
23  85
13  10
13  84
21  3
4  46
11  64
4  68
8  2
8  28
22  23
27  71
27  62
13  48
23  51
2  27
28  24
2  47
13  41
25  9
19  18
5  87
29  47
21  30
14  40
29  49
28  70
11  86
29  70
5  38
16  10
13  33
5  30
28  12
3  78
14  80
17  41
27  32
9  73
20  39
5  58
18  67
19  53
11  42
5  65
6  31
19  4
14  17
9  3
18  65
24  20
8  30
7  44
16  22
6  18
1  19
14  15
2  71
23  88
8  38
26  17
28  71
29  48
4  14
4  67
13  49
5  7
8  69
8  39
23  68
4  5
12  29
25  24
6  57
6  18
24  61
10  20
17  65
2  16
5  35
21  19
1  49
3  53
8  74
16  22
12  23
14  47
21  75
14  42
10  3
12  15
2  12
8  61
2  33
8  33
19  54
26  69
23  76
21  56
13  56
23  6
7  10
25  60
13  63
12  42
23  36
6  69
13  88
5  80
18  84
12  78
28  33
13  63
2  30
16  45
26  77
25  73
21  65
20  71
13  39
12  11
3  21
24  30
7  51
29  49
7  37
13  52
14  42
16  84
9  20
8  39
26  60
28  37
18  17
29  53
10  13
20  81
29  84
25  23
25  74
5  84
13  48
18  47
8  35
27  40
20  73
16  67
14  80
1  13
1  69
7  10
14  78
8  24
6  61
15  43
11  81
28  70
20  10
25  67
4  25
7  15
24  26
2  45
14  87
8  53
10  34
21  41
3  46
7  76
25  3
24  31
23  12
3  73
2  86
26  3
5  88
3  37
27  42
19  40
19  27
5  49
1  27
18  47
18  25
22  41
21  66
6  63
26  79
29  3
21  73
27  35
28  68
21  55
21  37
5  25
3  17
10  46
15  52
5  39
27  59
7  76
9  46
11  86
8  78
21  55
24  38
22  9
23  73
18  55
28  64
24  76
22  22
6  70
27  26
12  86
5  72
16  64
9  29
24  17
16  44
7  57
28  66
1  15
28  82
29  11
11  30
24  84
18  44
1  79
24  48
11  8
23  11
20  64
19  72
19  68
4  71
14  29
16  32
26  49
22  37
15  38
21  52
14  86
10  80
8  44
10  51
14  25
14  10
4  26
8  61
23  82
7  49
1  40
1  52
1  13
18  29
6  12
6  13
8  78
16  86
20  9
2  6
20  20
7  71
25  18
27  7
1  24
7  72
13  36
24  3
5  77
3  61
17  65
21  62
5  63
29  17
20  26
26  69
20  38
22  72
24  42
21  3
9  26
12  54
4  39
24  72
7  77
16  2
6  10
28  25
3  38
6  7
23  19
1  53
22  74
8  23
2  39
21  76
19  35
14  32
29  12
1  32
24  83
13  57
11  73
22  69
6  15
18  67
4  65
11  34
7  37
9  73
14  78
15  6
25  56
10  34
7  87
2  54
11  25
26  76
15  36
28  75
18  13
29  88
4  46
6  62
17  67
8  11
1  2
27  62
9  60
13  88
14  28
6  30
8  3
14  80
9  6
13  74
15  5
15  44
4  56
12  39
2  24
2  71
29  23
17  56
6  21
28  22
21  88
6  37
19  71
12  57
8  51
9  75
7  82
12  65
20  18
21  25
11  71
5  26
24  57
3  54
8  77
3  88
28  77
21  46
22  79
11  75
21  55
23  28
23  82
4  68
20  24
11  63
18  37
29  55
10  60
27  30
26  48
24  33
15  73
12  22
20  23
20  50
5  46
8  88
4  71
12  33
11  30
26  37
23  5
26  68
20  44
11  76
27  83
2  79
11  39
26  8
4  20
20  49
28  37
20  52
27  5
10  53
9  41
2  40
28  68
3  44
18  14
25  35
17  26
5  21
28  19
12  56
1  66
23  14
27  87
7  11
7  41
25  10
18  59
15  43
1  46
16  66
1  5
12  15
19  57
3  46
17  1
21  75
3  13
17  20
5  7
6  42
5  15
22  28
22  2
12  66
10  86
25  20
25  69
23  77
1  3
16  63
16  77
6  52
12  64
3  6
7  35
8  60
28  3
11  49
2  73
9  74
6  17
15  60
24  10
19  48
1  77
18  29
25  12
14  72
27  8
27  41
4  70
20  77
14  64
1  52
28  12
13  23
15  75
24  56
22  88
12  13
12  34
19  82
18  24
20  50
28  65
20  10
20  13
17  82
14  27
6  32
26  63
24  59
12  7
18  74
22  75
21  55
16  23
25  27
17  31
14  30
19  38
15  51
16  42
11  38
15  7
17  35
15  14
22  76
4  34
16  39
1  48
8  66
2  24
5  68
8  28
17  17
13  12
1  81
18  27
1  29
29  1
12  7
4  22
7  38
28  8
19  75
15  57
17  35
1  9
17  65
12  11
14  78
24  14
17  16
13  10
24  76
6  21
17  66
20  26
12  52
3  28
9  2
1  76
8  61
5  61
17  45
5  72
14  74
10  65
14  20
29  69
16  63
5  14
27  86
1  21
12  18
28  11
18  64
1  60
11  53
28  65
5  62
22  8
21  40
26  9
12  64
3  39
2  33
18  58
25  48
23  45
11  77
2  33
23  8
1  13
7  22
1  80
26  7
18  29
7  4
19  74
26  82
16  45
2  54
7  74
17  20
16  45
12  80
17  81
29  48
18  28
9  36
24  15
21  83
6  77
20  19
7  15
8  13
11  9
6  50
5  13
6  30
10  66
2  32
29  40
20  26
24  43
13  76
17  10
9  87
7  11
16  57
20  20
16  84
23  32
27  58
9  29
20  50
29  22
27  88
17  42
21  84
20  40
8  65
15  76
26  8
2  83
5  88
26  47
23  44
2  55
3  82
2  31
10  12
7  87
16  68
17  26
15  32
2  37
24  72
4  74
25  80
7  65
3  78
25  58
19  10
15  41
16  13
21  38
19  47
18  80
18  9
10  21
2  59
20  64
5  36
17  16
29  84
9  9
1  47
20  2
3  32
5  50
24  23
4  7
29  25
20  20
12  10
6  7
25  82
14  60
29  1
4  81
25  80
9  32
2  14
1  18
7  67
21  78
13  77
15  86
6  12
11  42
14  76
24  19
16  31
28  22
23  76
13  66
29  72
17  16
6  15
26  87
15  55
23  9
3  18
18  54
19  54
16  67
28  34
4  30
9  63
9  72
13  40
16  47
20  64
5  55
13  79
3  53
19  64
27  32
13  10
10  20
18  25
3  44
10  8
16  27
27  78
22  56
20  34
4  83
29  75
3  80
9  17
17  23
12  66
1  22
24  18
28  20
10  42
28  18
17  75
26  64
13  15
6  56
21  69
7  75
4  39
17  63
17  33
18  66
17  9
21  22
7  61
8  17
2  77
3  39
21  86
16  54
2  8
19  54
7  61
12  43
3  31
21  64
4  4
26  34
14  32
21  6
20  8
14  16
19  46
16  65
27  30
28  20
9  20
8  37
1  47
11  30
6  38
1  48
7  30
5  10
29  85
18  57
1  86
5  85
11  9
18  59
16  6
24  36
23  22
25  25
17  62
18  49
28  81
18  25
10  1
2  71
20  66
28  76
21  75
20  59
9  26
26  65
9  58
8  43
15  76
6  39
28  7
4  32
28  53
1  81
25  76
1  85
28  29
25  49
25  52
11  55
3  5
26  48
20  39
25  20
20  56
25  49
7  61
6  6
17  52
23  35
22  80
15  31
9  88
2  77
11  37
27  85
9  85
8  50
7  57
3  37
12  23
13  77
18  45
2  80
21  83
28  59
29  51
4  66
2  8
2  29
15  80
17  40
25  48
12  37
10  26
16  39
25  5
25  61
19  10
29  58
28  6
6  61
17  73
28  26
25  49
25  20
12  51
14  45
5  48
3  51
21  56
4  33
24  86
15  63
15  80
23  39
12  65
9  54
14  68
12  10
2  15
11  78
11  58
8  23
3  18
28  26
15  39
10  77
13  14
2  63
8  68
13  52
3  24
16  8
29  74
14  55
6  62
22  31
7  72
3  67
20  19
20  62
8  18
29  72
11  33
2  39
24  65
22  4
15  78
14  49
28  15
20  53
10  74
27  84
3  41
22  21
15  29
5  81
6  29
23  37
29  11
26  28
14  43
25  69
6  81
11  60
7  14
20  7
3  55
13  63
26  82
18  33
8  53
23  80
1  21
18  49
13  71
20  59
28  47
14  49
9  3
16  69
5  67
16  58
18  24
18  62
6  6
7  42
28  39
18  40
27  77
29  24
8  27
29  55
23  1
7  84
23  18
13  24
12  43
25  66
25  51
29  52
16  57
21  85
10  7
16  83
22  41
6  37
19  34
1  19
27  75
20  27
14  32
20  25
2  66
12  82
23  18
6  85
6  80
9  13
12  9
29  63
18  78
6  13
4  79
3  85
9  35
7  42
5  66
14  13
26  66
7  63
12  74
28  21
1  39
5  48
8  64
9  63
23  56
12  4
11  23
5  81
7  29
17  45
6  77
13  6
15  57
27  28
5  8
2  8
11  49
21  79
28  58
3  56
28  1
21  77
13  14
22  25
14  68
9  55
5  83
9  26
19  27
1  70
11  6
25  26
13  50
16  65
16  49
14  76
20  55
10  5
27  24
13  2
18  4
4  29
11  65
9  84
5  10
17  25
10  17
7  80
12  54
23  88
5  43
10  8
22  22
11  80
23  81
24  49
18  50
25  26
24  66
29  40
14  37
28  73
28  69
24  61
8  74
2  81
11  66
24  73
2  17
8  17
10  77
10  65
18  81
16  43
28  60
17  34
20  21
4  57
5  30
19  13
3  74
15  39
8  27
6  2
7  4
18  77
11  80
28  46
11  30
8  84
3  34
23  71
28  88
11  46
27  23
25  36
2  64
22  63
23  66
11  63
3  12
5  72
27  78
27  76
24  84
19  88
1  55
18  73
5  66
23  3
21  54
18  86
2  3
16  53
15  19
6  28
15  68
29  61
19  83
2  87
8  79
1  60
19  9
25  46
10  54
7  53
25  78
16  47
26  76
23  21
6  2
22  5
18  65
10  41
6  26
11  44
27  52
3  20
24  26
27  73
15  72
26  16
24  66
12  84
20  33
11  82
8  59
28  71
26  30
16  8
6  33
13  21
12  6
1  20
28  48
26  62
16  37
18  31
24  24
1  23
29  54
11  88
12  34
28  20
25  63
27  21
14  82
25  56
3  66
3  55
16  37
17  9
2  64
3  32
11  26
17  70
18  29
4  37
9  27
13  10
6  65
6  53
26  58
14  16
12  35
16  41
24  78
3  46
23  13
17  68
6  61
6  84
25  37
17  27
22  9
6  36
2  71
15  36
11  5
2  81
28  37
27  56
3  63
11  82
14  33
2  74
18  37
10  69
16  79
24  71
18  34
3  38
9  62
27  61
9  39
6  31
15  85
6  70
17  84
21  23
13  56
28  28
18  38
20  38
3  81
12  44
5  72
1  12
25  57
2  45
9  44
18  7
2  14
25  47
17  1
7  19
8  36
19  71
18  52
9  73
7  79
6  23
25  16
16  3
26  4
22  71
18  80
3  59
12  13
19  25
28  17
5  9
10  3
26  62
10  51
29  28
25  60
9  44
10  6
24  45
7  36
24  25
10  7
27  33
17  29
1  30
14  26
6  5
24  81
15  62
13  55
10  50
6  60
28  54
25  55
22  80
14  12
8  60
1  69
5  84
18  11
4  50
1  23
26  19
26  17
1  19
29  83
5  38
15  4
11  18
7  53
28  47
4  81
16  15
25  53
1  40
19  57
19  75
3  27
16  40
13  39
13  64
3  85
22  71
3  7
11  44
4  20
11  62
11  38
20  28
26  37
15  57
19  46
2  3
27  3
21  30
7  8
2  58
17  15
5  70
21  1
5  47
21  10
3  33
25  24
22  8
28  39
25  3
23  75
22  30
19  52
14  19
19  79
7  13
25  47
15  64
14  39
13  32
10  58
19  36
17  73
23  70
28  49
28  67
9  70
3  42
21  40
13  10
24  73
27  52
20  47
23  18
20  44
14  10
19  80
1  44
8  56
11  28
1  13
15  43
7  51
17  81
28  68
2  47
10  49
17  4
11  12
8  38
8  77
6  19
29  7
19  43
14  6
14  19
4  24
8  1
11  21
17  7
20  84
6  38
2  35
21  25
16  82
10  42
19  13
6  53
25  13
22  39
29  9
23  82
3  54
7  32
17  80
28  17
18  68
4  28
6  28
3  46
6  29
11  49
23  25
11  12
26  84
2  35
2  37
9  59
24  83
6  76
16  57
3  67
12  32
11  19
23  23
11  80
4  1
29  47
12  4
9  61
5  73
7  67
15  61
11  67
27  59
27  10
25  19
8  65
12  35
2  57
28  25
15  82
3  34
19  57
7  34
3  20
22  32
29  27
27  21
18  37
6  49
10  4
7  11
3  62
10  35
21  57
18  53
25  82
16  76
21  9
1  16
5  45
20  53
10  64
11  10
4  22
6  43
5  40
7  43
14  87
6  42
21  7
28  39
8  18
4  50
13  85
16  1
9  27
12  84
29  52
3  71
14  34
17  20
5  56
18  66
10  79
10  38
9  71
3  84
7  70
11  66
5  40
27  9
16  3
21  57
3  21
6  24
9  68
7  79
19  2
29  2
20  84
5  1
18  85
4  39
29  83
20  54
6  38
25  5
13  16
19  56
4  30
15  82
7  73
3  82
24  9
10  23
18  63
26  56
25  38
22  29
15  21
17  52
26  19
22  33
28  88
28  69
27  51
16  49
16  5
21  79
20  9
3  21
10  39
14  23
16  44
6  65
1  80
15  30
26  27
11  71
14  84
24  51
2  72
2  23
1  28
26  59
27  15
11  65
4  78
7  67
29  29
16  47
9  15
26  81
17  51
14  29
24  75
4  32
19  57
21  35
19  65
9  66
3  53
2  39
6  17
11  85
18  76
27  4
8  47
11  1
8  77
4  87
10  55
4  46
14  19
23  86
6  64
27  72
12  1
9  41
21  3
3  76
21  45
3  11
20  43
14  2
8  79
27  32
25  29
23  2
23  25
26  30
14  71
13  25
1  62
9  62
2  2
21  75
9  44
24  25
11  40
9  8
25  28
26  52
16  56
13  49
18  54
16  78
7  8
2  57
21  40
21  71
8  23
4  70
29  70
23  1
5  18
27  31
9  72
4  32
12  53
28  29
1  40
23  35
25  7
7  4
2  35
26  26
15  81
12  80
13  53
29  7
2  61
11  34
22  7
29  47
25  72
14  11
18  26
3  40
8  25
4  45
11  75
6  27
26  26
27  7
13  63
16  64
8  76
3  39
28  37
20  38
14  28
1  87
24  57
13  66
28  74
29  10
1  13
23  68
26  23
3  37
20  23
17  32
17  44
21  8
1  87
15  16
6  39
7  45
22  71
18  44
6  54
7  5
24  35
5  20
1  43
16  8
6  49
26  25
7  32
9  59
5  32
10  1
2  2
20  80
19  58
18  18
27  72
19  4
20  83
27  60
25  19
2  58
4  1
23  41
3  21
26  34
17  11
20  54
28  44
15  46
7  84
29  25
29  45
18  49
15  8
20  66
14  27
22  24
15  19
10  4
24  47
27  42
19  70
8  74
16  87
8  34
26  83
29  44
17  41
21  1
22  30
24  2
23  38
11  54
15  84
27  77
10  9
26  63
14  29
6  10
15  15
17  87
10  66
27  56
13  15
21  80
14  81
27  22
5  41
6  80
27  62
13  48
26  80
11  29
5  50
9  33
9  2
8  58
17  30
17  72
12  12
15  66
26  13
27  53
15  32
19  42
25  79
22  82
21  8
25  88
28  82
2  76
2  74
20  56
16  1
4  16
26  59
9  75
12  71
2  56
10  22
13  63
13  18
17  86
15  21
3  52
29  66
5  61
1  83
12  3
26  65
23  61
27  18
16  47
3  58
25  37
2  80
18  45
21  11
26  40
23  74
22  21
2  45
8  11
24  19
13  80
21  24
3  26
9  83
2  41
6  2
16  48
5  34
4  30
24  46
3  45
2  51
10  23
17  23
14  63
20  28
13  75
2  20
5  52
27  10
14  7
15  51
11  76
8  39
3  48
10  72
25  9
17  62
7  77
26  76
3  15
13  10
26  72
16  8
12  62
20  20
25  35
23  73
3  85
18  36
23  85
21  59
23  7
15  37
22  61
11  88
11  31
27  19
16  11
2  80
4  13
4  77
4  43
5  64
25  56
5  13
29  19
22  69
4  75
18  28
6  1
27  31
20  58
19  73
12  7
18  33
21  11
21  73
29  17
16  29
9  88
10  29
21  84
5  17
17  41
16  25
16  54
8  86
26  76
10  48
22  18
7  13
9  23
2  43
21  82
13  82
23  81
1  9
29  61
12  67
2  62
18  46
26  40
7  40
21  26
29  37
17  71
3  42
3  58
17  72
5  67
13  5
15  8
17  4
17  10
3  15
17  62
4  31
18  59
17  73
18  23
20  4
1  33
12  82
3  18
13  3
19  30
28  57
19  40
20  44
25  63
6  58
19  3
8  73
29  67
25  5
6  55
25  49
7  69
19  75
5  11
22  73
27  48
9  58
14  78
7  27
2  79
19  62
13  12
18  24
9  44
22  80
3  55
1  47
19  64
10  8
16  56
3  22
15  36
29  28
1  69
13  77
8  64
11  41
24  74
19  8
27  58
27  54
2  59
11  75
2  52
3  62
5  53
18  77
2  8
6  44
19  26
8  15
1  21
29  86
4  51
24  44
20  17
19  52
18  61
3  49
12  38
24  55
4  7
2  27
27  31
14  36
9  56
24  61
18  73
9  9
7  83
19  9
29  12
16  84
14  84
5  76
12  82
13  57
13  41
11  76
12  76
8  82
18  75
19  43
29  10
9  30
25  12
18  83
22  17
23  36
17  73
28  33
21  52
20  6
13  39
28  35
12  77
1  57
10  80
14  36
13  58
4  73
22  69
18  13
15  82
19  71
28  74
21  35
7  39
29  60
29  62
13  86
5  60
29  53
3  66
22  37
21  30
5  31
22  71
10  4
17  85
10  41
8  66
23  31
15  1
18  86
6  26
18  86
12  87
16  50
10  78
17  17
16  26
9  26
24  40
4  51
17  12
17  70
25  86
13  41
6  77
8  33
29  21
12  42
11  80
3  52
6  7
28  85
20  10
18  80
14  28
3  8
17  4
28  3
26  49
2  45
18  46
17  39
3  22
9  36
23  36
12  88
13  49
24  85
11  10
24  60
3  14
3  60
22  41
14  42
19  80
15  46
23  42
13  53
7  86
26  8
13  39
27  73
24  1
14  5
1  54
25  34
2  50
17  38
1  79
17  1
16  30
27  33
27  67
25  16
13  35
8  52
25  61
19  18
18  26
26  80
20  58
16  38
22  76
28  80
10  58
12  27
11  79
19  33
13  78
17  75
24  80
17  26
25  18
21  49
11  32
9  19
22  58
14  69
24  10
1  31
12  6
7  84
22  16
16  67
12  39
28  34
1  26
23  6
9  49
15  66
25  16
17  9
21  73
11  49
21  69
4  22
17  70
19  32
6  44
5  19
13  74
15  81
28  28
27  38
29  32
27  87
26  54
23  55
16  13
6  72
11  83
17  66
14  48
15  4
15  24
16  84
26  75
2  68
29  27
1  84
1  57
12  37
5  85
17  17
26  80
29  85
18  47
10  23
17  71
21  42
27  47
20  59
22  62
16  72
6  82
16  20
20  42
14  65
25  81
7  74
21  15
20  4
1  46
9  9
12  86
3  56
10  29
23  68
7  31
8  39
17  37
15  51
27  61
21  30
8  54
1  39
7  15
18  33
8  35
24  3
2  34
12  41
16  31
18  67
15  49
24  39
20  17
11  5
8  55
29  24
22  65
6  84
3  50
19  72
27  34
23  2
12  7
27  9
13  56
25  27
26  42
19  35
29  65
29  22
27  77
8  19
21  62
8  20
14  77
4  86
18  16
2  41
6  2
1  44
19  5
18  64
18  4
3  31
18  10
23  17
22  73
16  75
20  88
2  4
28  28
19  45
2  81
12  21
9  53
20  30
16  1
19  56
2  85
23  23
15  15
14  75
1  80
22  28
5  11
24  88
19  34
28  11
4  31
28  82
8  77
18  20
5  88
25  85
12  15
19  40
11  44
3  32
29  86
9  75
1  44
16  67
7  29
4  35
2  88
27  67
12  13
26  32
9  63
24  51
10  79
26  36
6  70
6  51
3  70
10  58
28  70
17  26
21  8
19  65
9  80
18  21
19  19
18  8
6  34
17  32
26  25
15  65
22  48
9  25
26  86
26  63
18  5
10  33
29  62
4  33
6  10
12  4
28  42
6  23
6  59
21  14
18  25
19  26
17  63
1  29
1  25
22  21
1  70
3  43
16  61
15  72
2  66
9  75
6  69
29  25
29  48
21  41
17  11
18  35
17  62
28  4
20  10
20  40
12  44
13  61
11  47
1  32
3  69
8  71
1  26
12  42
27  53
10  31
19  67
15  16
12  82
23  10
8  15
28  21
27  60
4  11
9  57
2  39
12  14
3  4
5  43
11  39
20  85
15  41
17  69
4  5
10  61
8  35
29  50
9  78
7  33
1  88
11  80
4  56
28  82
21  13
27  29
10  42
23  12
7  22
29  12
18  63
15  14
5  74
19  64
15  17
5  88
15  57
19  78
14  87
2  4
29  7
5  13
1  57
7  23
29  32
7  14
7  32
22  46
27  20
21  77
15  17
10  83
8  82
28  48
22  88
3  32
6  62
22  69
6  47
29  1
16  20
29  61
11  38
2  35
19  68
14  5
7  50
21  81
25  54
3  18
1  40
9  67
13  61
20  10
27  32
24  86
19  54
26  15
11  4
7  25
21  7
8  12
6  64
13  83
23  58
23  63
22  49
12  16
28  49
2  48
27  88
22  3
28  81
7  6
20  78
13  67
6  49
15  14
3  31
20  40
3  34
12  85
29  41
15  20
11  6
21  34
4  51
28  35
9  2
6  79
10  8
19  77
22  61
27  23
21  27
7  57
11  41
15  15
21  3
24  10
19  31
19  22
13  38
28  27
5  84
3  86
26  23
20  12
27  16
19  42
13  73
28  36
15  12
19  80
1  83
24  38
18  33
5  71
25  67
26  86
21  13
6  87
26  69
29  59
4  30
6  77
27  12
22  52
10  70
23  86
15  13
8  53
24  15
11  40
12  64
29  73
18  39
14  22
12  32
25  46
26  43
4  27
27  8
27  30
24  12
29  35
16  29
6  34
7  87
6  55
22  56
23  63
3  6
7  31
16  43
4  50
29  34
13  15
15  33
21  45
10  42
22  68
1  48
12  42
22  50
2  78
10  47
23  68
12  87
1  46
5  2
6  19
27  79
28  30
7  3
25  86
1  28
26  69
16  72
23  24
20  23
12  42
5  74
13  45
19  6
28  54
16  17
12  3
8  56
19  36
21  18
4  76
11  53
4  58
15  3
20  16
11  40
13  55
22  43
10  69
26  7
19  29
13  60
4  49
8  79
24  13
12  19
21  3
1  2
6  87
26  76
17  39
24  26
23  17
12  24
27  17
4  77
12  29
6  88
2  54
18  40
19  61
16  16
15  64
27  54
16  56
6  63
2  56
8  16
8  44
2  51
23  4
28  20
20  19
13  31
10  24
27  73
20  72
12  7
1  22
4  54
3  9
1  88
3  72
14  24
23  4
18  18
23  82
24  58
23  52
14  79
10  42
8  52
8  50
25  67
24  34
27  78
23  54
11  68
23  18
3  59
12  29
7  32
7  48
27  41
3  10
10  43
1  1
21  85
10  7
4  16
12  79
4  49
24  50
16  77
15  59
2  80
2  59
25  9
16  1
8  78
5  34
28  63
12  56
23  82
4  35
13  3
9  81
27  53
9  11
20  65
15  61
17  1
18  17
23  82
6  18
11  84
4  56
18  72
6  12
15  77
5  9
19  54
13  29
20  35
1  43
15  27
8  39
21  83
7  29
5  21
2  62
15  88
11  87
14  24
3  32
16  58
4  31
15  63
26  30
27  2
2  31
19  79
29  34
26  41
15  49
7  16
18  25
24  14
9  13
3  29
8  56
8  31
29  15
11  48
21  57
18  20
9  12
11  81
19  12
25  32
7  26
14  54
20  64
12  17
5  29
8  9
6  65
26  37
16  62
14  55
27  49
4  85
28  68
15  45
25  41
23  4
16  85
28  83
29  62
1  22
9  50
5  74
14  46
27  43
15  88
1  71
7  18
4  67
13  12
5  80
11  68
6  65
4  36
28  11
3  8
15  25
1  18
2  75
5  44
5  11
27  81
28  69
10  17
3  40
6  64
22  44
24  65
29  26
29  44
6  2
5  57
4  37
16  31
6  17
3  70
12  58
17  37
26  51
29  73
14  17
4  11
2  31
17  53
12  67
12  33
15  21
19  5
17  39
16  63
25  78
20  80
18  20
25  48
18  86
15  63
29  1
11  43
15  52
21  83
29  42
11  31
24  86
28  41
21  27
4  44
10  80
15  7
5  4
16  38
29  43
23  38
17  13
28  51
14  23
4  24
19  9
14  9
23  35
6  56
25  36
28  51
29  81
17  46
28  87
22  83
26  61
19  66
4  24
18  46
18  28
29  7
29  68
27  13
3  71
22  47
18  55
21  88
28  15
13  82
12  16
29  74
21  48
12  56
27  80
1  42
10  40
20  12
1  49
13  77
28  62
2  1
26  64
23  39
1  77
25  14
20  84
3  49
22  40
20  12
3  39
17  33
14  13
1  12
1  18
9  31
18  52
15  3
20  82
7  12
2  71
26  71
17  47
7  50
17  10
29  32
15  25
4  16
3  9
21  82
1  27
9  85
14  30
14  7
15  50
4  26
10  58
14  47
8  13
15  3
18  80
3  58
22  76
29  60
12  47
29  82
4  66
11  13
26  6
7  4
15  4
16  15
11  64
17  5
5  33
23  54
10  8
26  30
28  58
24  31
28  43
26  81
4  25
20  49
8  10
24  59
17  75
29  77
26  87
18  74
4  48
8  8
7  52
12  39
22  15
14  14
24  33
28  35
1  44
25  22
3  37
24  42
6  20
21  34
1  1
26  85
4  5
27  85
28  58
2  17
9  16
22  36
12  6
1  50
15  25
6  72
9  35
21  77
27  67
7  48
12  36
6  79
6  37
10  1
24  45
7  49
5  9
22  31
29  52
26  37
10  82
21  43
14  56
22  71
4  3
6  28
26  59
23  54
5  28
27  40
28  26
5  26
16  78
19  50
14  17
1  5
1  27
10  34
16  41
13  76
7  41
8  43
11  51
10  13
4  5
6  61
7  83
18  8
13  58
19  65
27  48
14  40
11  49
28  3
24  88
16  41
14  88
14  15
17  62
27  57
28  62
6  6
3  46
16  8
6  26
3  79
24  21
22  50
24  8
21  65
11  19
2  41
3  38
6  5
13  42
9  69
8  80
22  86
5  85
16  70
7  2
24  42
19  4
18  13
3  4
9  31
21  28
11  41
20  52
9  88
2  81
6  54
8  2
18  80
10  38
16  44
9  45
15  4
7  65
27  24
19  40
11  59
10  1
14  20
2  49
28  86
21  9
17  54
13  54
11  18
20  28
8  49
3  56
25  42
14  40
8  60
14  25
27  23
5  46
12  86
24  47
29  58
25  29
26  84
24  24
28  54
22  52
2  30
29  86
13  72
22  62
4  15
6  35
7  88
22  69
8  28
14  19
19  80
15  65
6  34
3  70
29  57
11  64
14  41
5  28
8  74
2  30
26  53
10  81
4  42
23  3
29  41
13  24
7  59
27  82
27  44
4  74
19  87
6  53
17  13
7  6
9  76
6  60
21  17
2  48
4  58
5  53
11  17
6  12
17  40
2  2
8  54
9  73
1  12
20  24
6  55
2  31
25  10
29  44
8  87
16  11
28  17
23  86
3  49
13  40
9  44
15  87
8  37
1  6
29  20
7  76
19  2
11  77
11  64
14  58
20  36
26  31
25  46
4  73
2  45
17  51
9  17
1  44
13  13
22  78
10  35
19  69
3  11
18  41
20  26
20  58
4  43
8  64
10  12
14  37
27  40
27  7
28  76
29  69
2  48
3  28
2  85
14  71
1  61
8  10
19  35
21  57
23  8
22  18
27  79
17  19
10  46
25  81
16  65
17  70
19  12
15  14
20  69
29  86
13  52
8  18
18  57
17  18
18  88
19  56
14  18
8  40
8  11
4  20
1  52
12  83
29  5
2  30
28  17
25  71
11  53
23  22
4  78
28  17
9  62
11  62
26  35
9  57
17  28
26  13
21  33
17  81
29  78
18  64
3  83
26  44
11  3
28  73
28  63
17  2
14  55
10  58
19  52
23  8
21  61
12  56
11  4
1  50
19  19
21  2
2  49
1  19
29  11
3  24
20  88
28  17
3  54
17  14
25  67
16  43
27  25
13  48
9  72
8  68
11  25
18  78
8  37
4  39
22  32
28  63
12  86
13  66
12  32
5  71
5  58
23  85
10  20
14  10
16  11
6  42
19  43
24  72
26  12
28  44
5  70
23  1
27  75
10  34
3  47
21  64
27  30
24  10
16  10
27  34
6  15
3  88
5  38
4  37
29  34
18  38
21  66
4  51
23  75
5  3
5  82
9  78
23  59
1  47
14  17
7  43
12  50
29  34
4  53
22  73
4  51
18  26
14  40
19  49
16  28
17  59
22  18
10  37
9  53
7  14
28  10
6  18
23  78
5  84
17  4
19  56
3  35
23  18
28  50
21  86
23  41
9  45
16  86
12  56
17  40
10  85
22  59
16  67
22  24
9  35
16  40
7  53
23  30
11  84
17  22
26  7
1  54
14  77
6  71
29  36
29  47
13  30
5  55
7  33
2  20
16  10
2  61
15  13
7  23
3  59
11  32
28  16
29  6
29  87
12  75
2  85
27  24
12  23
10  67
14  1
7  78
5  21
5  85
6  75
3  4
3  51
15  19
22  60
6  71
6  24
13  5
29  62
10  78
11  43
1  66
26  63
26  58
4  16
11  46
25  45
15  87
24  8
23  43
26  72
8  19
28  42
27  50
28  20
6  4
4  87
13  24
27  30
17  4
17  87
1  28
7  4
12  86
10  62
20  13
11  16
27  55
28  59
15  85
20  3
19  47
5  37
17  50
6  19
28  88
8  38
15  34
14  47
18  83
10  74
12  52
14  31
15  87
4  22
11  83
29  78
2  4
26  59
26  3
1  26
6  81
10  41
24  44
19  32
26  27
18  22
29  44
10  18
11  32
22  7
25  63
19  34
2  53
6  67
21  88
27  6
21  69
29  61
24  22
23  36
22  75
29  24
27  82
13  29
14  28
20  50
21  5
17  27
9  87
7  83
22  52
17  20
28  38
3  37
27  62
6  14
4  77
27  75
18  49
2  11
1  15
29  20
4  58
10  52
22  38
20  46
10  44
14  40
26  66
3  61
2  53
11  59
7  46
11  67
19  6
21  65
19  15
10  63
13  57
3  10
19  46
5  24
1  43
3  13
2  67
8  1
7  49
7  39
8  57
11  44
26  44
17  34
13  47
5  81
22  71
7  41
8  27
11  78
3  29
22  64
25  78
3  5
11  29
25  70
3  52
4  11
11  8
26  59
6  3
18  21
8  87
4  28
3  8
17  18
3  15
14  68
14  23
2  62
24  62
2  43
1  50
4  74
3  61
14  88
6  22
16  63
29  77
10  32
28  11
20  42
9  12
15  70
2  34
28  62
16  39
3  74
6  14
28  15
9  55
3  29
11  85
28  59
27  38
15  81
12  47
10  49
2  32
28  66
27  11
13  27
22  37
1  9
4  6
2  29
28  11
1  77
5  53
6  37
5  85
25  82
13  79
21  11
23  64
13  4
18  30
24  16
2  74
1  74
19  36
8  24
20  84
4  37
29  16
5  33
21  79
10  88
10  72
29  76
14  32
19  15
28  78
17  57
25  21
1  34
18  14
22  36
29  54
10  72
19  27
10  60
9  23
21  62
15  55
28  72
29  58
24  32
12  41
25  50
21  16
18  28
2  30
3  14
8  14
15  84
14  82
7  17
6  41
9  41
16  38
14  75
1  5
6  58
4  17
24  87
27  31
8  61
1  33
25  72
14  80
18  74
16  57
1  68
11  42
19  77
2  74
27  58
11  10
20  58
15  68
17  29
1  22
8  81
1  27
20  56
2  79
11  81
11  68
12  65
7  13
18  62
18  39
24  32
5  23
14  36
15  20
28  46
21  58
13  83
14  48
9  65
4  47
17  27
7  15
9  52
13  7
27  55
1  41
11  57
20  64
2  44
21  54
6  56
16  15
5  40
13  28
28  31
1  52
7  85
9  13
22  73
3  43
18  61
24  43
14  73
2  39
5  21
2  30
5  78
26  63
8  60
16  18
25  46
24  19
25  82
24  12
16  37
22  62
12  43
6  83
16  52
9  67
25  3
16  48
7  4
25  16
8  2
20  48
26  10
24  32
29  63
28  78
11  67
29  58
21  14
14  44
6  30
10  21
18  68
11  48
21  55
13  14
23  79
12  88
17  79
25  45
7  40
21  33
8  31
7  6
13  74
15  9
28  76
19  67
11  50
14  58
6  1
6  76
11  70
29  16
10  58
17  57
9  56
25  15
26  5
11  75
17  58
26  47
17  9
4  57
12  2
14  10
27  72
11  22
10  5
7  2
23  46
7  85
26  52
20  5
17  49
18  8
19  12
12  11
4  88
8  49
2  55
25  52
17  14
16  65
12  62
8  3
8  39
7  39
28  32
7  47
17  55
2  38
26  17
22  87
15  31
2  66
4  22
25  35
9  1
22  8
3  53
29  88
22  81
6  51
12  32
14  41
16  36
6  27
5  80
1  72
7  57
13  53
16  59
29  21
11  12
16  72
16  71
26  51
1  56
18  52
28  63
6  55
29  2
1  10
12  83
20  2
23  3
23  24
15  1
21  4
12  44
27  68
23  40
8  25
9  80
6  62
21  1
4  85
24  15
28  16
18  23
11  33
12  79
29  71
25  61
15  21
24  51
29  81
17  44
13  38
10  6
21  54
17  20
21  7
18  62
15  24
13  31
25  17
11  3
23  21
27  83
15  85
11  78
6  41
25  46
15  85
9  69
25  55
11  10
9  81
19  75
16  79
29  64
17  22
7  10
15  14
27  86
25  62
5  50
9  27
21  75
21  44
26  64
16  29
29  63
3  54
27  74
4  80
9  14
17  43
23  56
7  31
17  75
7  77
26  26
28  32
3  46
7  38
16  45
14  45
15  9
23  4
7  80
24  63
1  28
14  30
21  33
22  83
24  22
18  22
2  42
20  54
26  85
20  70
7  56
27  18
3  65
27  53
3  39
6  33
28  79
29  49
21  33
5  86
6  10
13  20
9  62
2  65
27  49
28  50
8  67
27  17
8  14
6  78
3  37
13  65
8  11
5  74
21  60
28  29
22  4
1  45
20  58
5  76
10  25
13  44
29  67
4  21
6  66
6  27
28  21
24  3
2  43
27  11
16  39
27  43
13  40
7  4
4  51
2  51
5  39
23  25
16  29
18  82
29  18
2  72
13  59
11  36
5  28
3  25
25  5
13  69
21  41
26  4
26  60
20  51
27  88
5  85
25  4
29  61
17  82
22  1
17  11
25  16
18  42
17  32
27  49
12  30
23  44
3  3
26  56
17  23
21  31
17  12
2  4
14  50
11  37
24  2
23  58
8  26
27  64
19  68
27  65
5  19
18  84
9  75
16  21
26  67
13  25
4  2
22  25
12  11
5  16
12  55
8  10
23  22
7  35
4  17
25  9
11  22
22  71
26  65
9  46
2  68
22  18
4  43
8  15
18  22
3  87
17  36
9  9
8  88
27  70
2  27
24  27
7  14
2  14
8  81
25  64
25  5
16  38
26  59
25  59
8  63
2  85
2  44
23  18
1  53
24  31
26  70
24  68
17  85
4  56
17  7
15  21
7  27
18  64
16  21
7  71
3  57
25  31
21  45
1  9
13  33
18  16
16  69
5  25
16  87
7  63
13  23
3  27
12  33
23  13
19  71
22  73
28  24
5  24
25  33
6  66
26  15
29  61
29  38
20  37
9  24
22  48
5  13
21  60
4  36
6  72
9  76
29  84
8  65
13  13
15  46
12  41
4  3
4  3
16  83
11  84
3  13
25  87
18  61
4  14
3  87
18  70
17  63
3  44
2  71
22  58
11  70
19  58
13  49
6  6
17  57
20  2
5  10
3  15
29  43
6  84
9  30
20  3
11  45
24  13
13  47
20  35
14  86
28  2
7  54
19  74
23  69
22  83
21  81
27  29
8  66
3  42
8  70
5  34
6  66
21  27
1  84
18  59
22  2
5  28
6  54
18  82
19  33
25  84
22  8
26  68
29  80
26  5
11  34
19  40
19  82
10  27
19  82
21  15
7  70
8  44
27  68
5  27
2  74
27  15
3  83
5  25
27  87
7  55
27  6
7  57
21  49
16  71
11  38
13  2
13  62
24  46
21  12
2  32
12  60
24  66
4  29
12  40
9  13
9  46
15  7
8  16
26  19
9  77
3  3
6  65
28  70
13  30
18  43
6  86
26  27
14  32
21  82
27  28
8  4
18  61
25  81
24  50
22  52
18  8
2  78
20  32
28  65
19  88
18  28
18  17
12  66
29  5
25  79
26  35
16  41
16  40
13  62
27  19
20  72
28  4
27  58
12  82
20  85
6  57
8  67
4  13
12  7
24  21
23  47
16  22
24  88
20  43
3  61
9  46
12  3
2  22
10  59
11  69
2  52
8  20
13  5
17  21
25  21
5  5
10  7
25  76
21  61
3  58
8  31
24  8
6  80
26  56
10  62
14  2
21  76
25  29
7  45
15  86
22  71
6  39
26  2
17  55
3  44
6  82
24  18
19  69
6  85
28  24
16  70
25  32
24  39
11  88
2  24
5  27
26  19
7  17
26  52
22  12
29  64
29  21
14  65
7  64
4  4
29  33
23  40
2  25
27  34
20  17
7  9
22  49
1  11
14  38
20  18
23  6
24  87
15  41
4  73
22  46
25  2
7  46
25  79
28  81
6  17
22  60
20  13
18  20
8  52
22  10
13  7
16  50
27  4
11  25
11  45
18  74
24  59
19  30
17  63
16  38
15  32
11  46
27  14
9  87
16  82
26  1
19  56
28  52
8  18
17  73
9  82
11  10
1  75
4  42
8  61
9  34
29  83
1  17
7  27
1  55
18  49
5  7
16  80
9  39
18  14
15  61
4  75
24  39
11  38
9  55
25  60
13  66
3  6
22  67
21  62
21  80
15  77
29  88
