25  34
28  66
19  76
29  15
14  78
9  21
3  47
25  48
4  87
29  14
19  18
16  45
7  52
14  36
10  19
6  14
5  37
26  19
6  6
5  16
1  11
5  55
13  77
26  42
7  45
28  65
1  54
3  83
9  65
20  1
13  17
4  61
26  22
6  57
7  55
22  61
26  16
14  72
11  12
6  71
7  3
23  68
18  52
23  38
22  15
18  78
5  17
25  57
19  42
22  49
25  35
12  79
17  40
20  67
11  30
20  36
26  78
27  83
9  47
24  49
21  18
15  40
5  39
29  63
17  85
27  88
8  38
24  51
20  8
4  77
17  88
10  20
3  58
21  17
5  43
21  32
10  87
17  35
3  86
11  50
16  74
19  31
4  76
11  38
22  28
26  42
19  62
5  43
1  9
23  43
2  44
15  71
13  74
25  43
29  76
1  6
4  69
20  61
17  1
17  67
3  62
28  46
25  53
29  69
4  66
21  85
12  62
26  35
20  54
9  76
27  76
3  88
3  59
19  53
26  73
6  55
14  77
10  21
21  7
19  7
4  47
19  35
4  13
4  15
9  72
10  33
10  2
23  35
18  72
3  42
10  88
10  69
26  35
15  2
3  82
9  12
2  20
25  57
28  37
11  40
4  43
22  39
15  10
22  59
11  31
16  33
5  58
7  41
4  12
18  42
28  16
29  32
16  6
28  34
27  42
9  56
1  68
23  50
12  32
17  52
28  69
14  70
28  43
1  87
28  69
16  49
27  86
14  31
23  25
6  67
29  24
2  21
17  70
10  30
8  32
24  27
1  5
11  68
7  15
3  4
22  26
17  3
18  81
15  6
15  72
10  8
3  3
20  10
15  30
15  7
1  38
24  34
5  68
8  40
27  34
10  66
1  54
16  67
25  68
3  88
7  47
3  53
14  56
10  84
7  15
24  64
6  22
17  88
14  54
13  15
19  72
10  48
20  13
10  38
8  10
20  33
22  27
18  78
8  57
4  54
2  14
12  14
29  52
3  86
29  45
4  19
14  78
6  7
16  85
8  88
22  25
25  62
25  88
4  22
10  43
23  84
10  38
10  69
20  44
16  82
25  64
14  56
14  6
2  61
7  15
19  45
18  27
13  10
17  41
14  26
22  66
5  66
5  60
26  9
29  10
17  87
26  49
26  4
18  29
6  5
9  25
1  72
18  22
12  9
28  11
3  70
15  27
15  5
4  84
11  21
21  67
22  1
28  60
1  17
26  47
24  75
12  23
28  79
28  21
8  40
11  49
14  53
22  24
27  40
1  33
28  30
2  65
22  13
13  30
9  36
10  73
23  75
10  52
17  12
27  83
29  33
10  88
19  61
29  14
12  23
3  71
27  64
26  57
21  30
29  51
22  49
6  13
7  2
3  61
8  12
26  46
22  2
12  43
16  8
3  10
12  54
12  75
26  71
16  31
19  32
17  22
4  19
5  41
22  27
10  62
4  42
16  73
27  15
25  63
27  83
13  86
10  66
8  57
11  23
28  8
22  47
6  43
7  88
21  15
18  59
14  1
29  52
6  56
3  74
14  7
9  58
23  8
8  70
26  44
26  67
15  38
23  40
16  79
23  2
7  12
27  12
12  13
15  52
22  15
28  33
8  8
21  16
25  66
13  46
9  25
15  56
24  78
7  78
29  6
1  46
4  77
14  68
12  12
2  71
16  9
8  7
18  70
12  51
6  26
18  55
5  19
1  34
27  69
28  53
3  83
13  72
1  20
14  55
19  74
25  81
20  52
8  41
7  52
1  29
10  66
8  52
4  70
2  77
11  45
16  10
27  51
5  3
24  79
24  47
24  20
15  77
18  51
13  17
14  38
23  67
27  80
11  73
22  56
29  28
12  68
24  48
19  1
13  68
21  49
17  50
17  46
26  81
4  58
29  13
18  49
6  56
4  54
2  18
22  2
14  84
29  52
12  27
16  26
12  63
20  29
12  75
1  51
17  39
10  53
28  25
21  9
1  42
27  26
27  60
10  27
27  9
27  59
12  55
16  65
14  48
16  73
22  54
12  47
2  52
23  40
12  79
24  65
1  43
7  55
18  74
2  61
5  79
22  59
3  73
19  27
8  27
2  16
1  56
14  79
19  12
16  71
10  21
19  77
27  32
23  48
29  48
3  20
20  34
7  26
26  68
12  68
29  35
23  53
10  36
14  87
27  2
25  23
7  78
19  50
2  21
11  35
21  83
14  29
14  29
20  42
23  20
14  22
4  22
4  22
20  6
18  74
24  11
24  34
9  22
13  20
26  30
26  67
20  22
12  35
23  61
11  49
22  86
21  48
16  78
6  70
8  58
23  13
17  67
12  69
12  34
29  6
2  78
28  28
19  85
13  51
16  62
21  42
16  76
1  28
8  63
26  33
12  13
3  51
26  38
18  52
8  21
27  53
26  42
27  41
4  60
18  1
9  68
23  72
25  21
25  54
3  31
16  2
23  26
13  57
4  56
29  27
8  59
9  52
22  22
3  40
21  56
20  16
13  50
4  17
29  2
19  75
5  32
27  7
6  78
27  26
16  36
16  31
7  57
19  72
6  70
17  68
23  52
9  84
4  86
13  32
6  1
16  47
3  71
24  43
8  27
24  43
28  79
26  2
14  18
3  4
22  85
25  65
21  12
8  10
2  26
9  33
20  45
4  37
22  80
19  42
29  63
17  15
7  77
29  81
15  42
10  13
2  64
15  19
10  5
9  38
1  43
6  48
25  10
19  74
25  23
6  16
26  53
17  67
15  74
19  56
12  85
13  23
26  75
9  22
2  25
23  67
22  28
28  64
14  60
2  73
13  31
1  41
10  10
24  10
3  82
17  28
18  16
6  37
11  58
12  14
29  15
28  22
12  35
18  55
27  32
19  6
13  53
3  17
7  88
28  17
6  72
5  87
12  46
20  51
16  33
9  31
29  88
18  66
16  18
19  64
27  25
3  55
19  77
1  36
17  69
24  36
24  25
24  15
5  43
14  62
5  51
11  53
11  10
4  28
11  14
24  79
2  59
23  5
25  43
21  46
15  53
22  86
22  65
26  22
17  35
4  10
19  54
2  28
7  15
8  47
28  18
13  8
29  83
6  55
18  83
1  11
29  18
3  59
11  67
21  66
15  19
6  2
16  75
22  64
13  38
16  80
29  60
29  31
15  20
2  15
11  48
7  56
26  58
17  40
13  61
22  13
26  54
22  42
6  73
23  54
9  48
16  74
23  46
1  8
2  66
15  9
4  71
20  55
18  64
2  57
23  73
6  53
7  8
27  39
5  51
9  72
22  75
20  18
29  53
13  31
3  34
9  82
29  4
28  77
5  65
11  25
11  60
11  28
24  38
7  37
28  28
24  27
15  10
19  43
12  5
25  64
23  6
11  85
4  27
21  46
20  79
16  85
4  74
13  72
7  83
12  31
18  65
7  75
6  25
21  34
4  42
23  64
17  20
4  87
4  7
1  47
24  24
19  8
1  86
19  52
5  35
10  10
14  46
3  53
26  37
2  19
12  55
29  81
14  64
3  44
24  38
25  2
8  8
19  87
5  62
22  75
5  67
19  1
15  39
2  11
7  33
13  17
1  82
28  80
26  84
2  63
29  74
28  68
24  41
27  45
29  68
24  51
1  29
4  17
12  15
5  50
22  9
18  16
8  37
26  17
21  46
20  4
27  87
23  26
27  25
2  87
12  77
7  63
29  79
26  13
26  11
10  87
19  49
26  45
6  28
25  24
8  49
2  24
9  11
7  46
28  19
21  72
25  84
24  43
11  69
7  26
11  15
5  68
28  30
27  76
19  77
12  82
4  42
24  15
24  56
3  29
18  11
2  85
7  31
13  2
13  33
23  11
19  47
15  23
9  3
25  8
14  34
2  81
7  28
18  44
4  4
12  84
24  46
25  17
17  32
28  50
2  65
2  69
18  55
21  58
12  61
7  46
21  64
5  26
27  43
22  51
17  25
17  53
21  79
3  57
14  60
18  78
13  56
18  83
28  42
27  83
18  62
2  33
3  75
25  42
20  27
3  18
8  83
11  38
11  82
12  49
23  39
22  34
8  67
29  18
22  37
15  68
5  36
21  29
3  71
20  75
12  64
9  74
1  72
10  81
11  60
21  84
10  60
4  42
27  76
6  46
19  76
22  35
28  18
18  32
29  63
12  59
12  55
9  82
11  74
8  60
18  24
4  6
6  65
8  58
1  41
2  26
8  51
11  34
1  69
13  75
19  73
18  44
8  75
19  27
1  38
19  18
6  10
23  44
11  32
11  6
29  70
12  74
2  45
26  87
11  71
21  21
24  15
2  44
7  41
2  52
19  72
14  30
18  38
24  82
25  62
15  66
3  53
6  12
12  55
10  37
24  62
7  64
16  86
13  69
8  75
22  39
14  84
17  86
16  65
4  67
20  78
16  2
29  12
22  9
26  37
18  63
29  22
2  8
17  25
22  45
24  55
20  64
18  29
4  5
27  46
12  59
8  54
19  50
29  62
2  47
10  67
13  51
12  65
6  42
25  21
18  79
22  57
7  36
18  40
25  78
29  17
12  72
28  88
2  38
19  79
6  58
11  85
2  52
27  5
29  33
12  7
24  70
13  43
16  70
27  1
12  47
13  22
19  35
15  1
27  51
25  28
18  85
6  86
25  6
13  61
19  82
7  73
8  80
6  83
15  11
29  44
19  83
1  10
17  35
21  45
3  59
8  48
27  13
12  11
5  60
23  21
28  65
2  55
27  32
9  28
1  15
13  44
27  14
28  88
17  1
3  72
24  67
16  47
8  37
22  48
7  36
3  10
16  33
11  87
3  1
18  26
10  69
5  23
11  12
22  84
8  52
28  61
4  63
27  54
17  26
11  1
4  41
8  23
24  38
19  51
14  73
19  82
2  33
17  63
24  33
26  43
1  37
5  9
22  19
8  32
1  71
16  17
6  71
15  24
12  69
17  40
11  67
28  55
8  32
13  41
18  33
23  88
21  19
12  32
21  12
23  25
27  33
12  54
19  10
2  42
27  42
10  74
14  51
20  85
6  6
3  48
9  72
28  47
12  64
14  78
1  52
7  69
29  75
14  50
22  62
9  24
7  56
16  45
19  37
25  73
10  38
28  18
10  26
3  28
29  56
11  22
23  17
7  57
1  58
13  33
26  71
20  62
6  52
9  76
16  60
25  86
6  29
26  81
27  67
23  36
26  32
11  54
14  45
11  80
15  42
22  41
15  33
25  8
18  1
20  76
10  78
28  40
27  62
29  66
28  15
3  2
22  67
18  88
17  37
19  30
29  86
2  28
21  56
24  35
18  44
23  17
11  54
10  19
23  30
5  41
6  18
28  50
10  70
13  73
14  86
19  87
18  42
21  88
13  32
18  82
26  72
24  87
7  32
10  12
8  40
10  25
1  80
11  81
10  45
26  60
25  66
27  24
28  11
10  15
20  85
21  1
19  18
17  41
11  48
13  77
18  49
27  80
18  69
15  2
21  35
13  55
11  39
21  4
19  69
8  13
28  68
1  4
19  45
3  77
15  2
16  21
23  44
4  48
19  61
25  17
16  21
27  44
21  31
14  48
4  19
5  32
14  7
18  48
19  62
9  85
28  83
25  29
27  38
1  14
15  44
5  34
4  14
5  56
19  24
17  70
23  58
9  26
23  51
19  16
15  56
21  38
29  85
17  35
16  2
7  77
21  79
19  66
21  18
26  79
3  13
16  28
26  37
12  40
1  52
6  73
6  64
12  51
13  45
17  58
1  69
29  43
18  16
29  28
9  63
20  68
11  65
8  5
9  33
1  78
6  87
23  37
18  42
22  58
14  79
13  14
10  27
4  10
25  84
16  84
1  38
22  13
27  26
25  38
29  73
24  80
1  62
17  82
10  81
16  21
25  39
23  4
5  31
16  71
27  8
13  71
20  54
10  68
10  3
8  49
26  34
5  81
29  62
15  11
2  17
13  73
20  81
21  7
17  45
12  62
19  46
1  16
25  72
7  62
2  32
2  28
2  47
24  30
22  4
7  85
16  63
7  18
6  34
2  43
27  26
8  43
20  75
20  59
7  59
14  38
7  20
24  27
8  61
25  83
26  82
6  18
13  55
3  83
25  52
25  36
4  74
3  41
17  4
28  44
21  9
25  82
28  53
1  72
22  87
8  68
23  45
27  49
1  44
28  10
8  12
22  15
10  56
25  61
22  59
9  16
22  46
20  20
26  30
28  41
10  66
10  5
9  34
4  35
12  3
5  17
21  71
11  87
10  1
23  27
23  70
14  10
28  55
9  25
23  67
10  33
7  73
21  41
18  3
8  21
1  7
26  85
23  87
16  16
2  80
18  79
28  87
28  6
9  15
23  13
12  64
11  69
25  49
14  85
4  86
4  44
15  45
4  65
7  66
4  15
23  66
26  36
16  20
8  65
1  75
18  3
29  81
25  87
3  38
10  85
28  22
2  51
3  40
9  19
17  2
3  47
5  82
22  72
6  87
15  77
9  47
12  1
28  66
10  45
1  43
25  69
17  78
26  15
29  77
19  37
28  12
13  52
2  29
21  5
27  86
17  32
27  78
17  81
21  55
20  19
5  12
22  16
1  76
5  59
26  55
22  84
4  53
28  10
18  78
19  88
2  28
13  38
25  76
23  56
25  20
27  27
14  46
3  19
15  26
2  51
27  67
5  52
8  80
7  78
24  26
12  36
10  60
27  41
15  62
10  41
20  21
2  19
2  53
2  50
3  46
19  83
6  44
29  32
9  24
24  35
14  52
9  63
5  84
26  23
26  24
17  82
16  78
11  70
18  44
28  81
18  43
6  7
5  87
28  38
13  35
10  77
20  49
9  27
25  7
25  20
21  77
13  85
7  51
2  49
28  80
7  20
4  45
20  60
22  15
3  80
2  11
19  57
8  53
27  37
18  73
23  66
11  2
29  55
12  72
1  86
16  4
9  54
5  31
9  21
20  81
22  19
29  46
4  81
21  19
4  65
13  14
13  15
9  66
2  20
10  41
28  11
3  37
20  60
7  63
13  71
3  73
2  75
2  79
15  68
7  71
23  58
20  25
8  14
2  50
23  80
3  27
21  67
20  38
19  34
12  16
1  84
23  82
20  19
5  74
24  67
21  14
27  61
25  40
10  3
6  37
28  30
4  24
4  3
22  76
23  52
20  6
3  26
23  40
28  40
9  50
9  44
4  36
23  46
21  14
24  51
15  24
13  35
18  77
3  22
15  2
16  29
21  85
14  61
7  88
17  54
25  45
13  58
14  76
3  41
27  71
26  41
27  54
4  67
28  78
22  8
5  69
24  75
21  41
16  15
17  78
12  9
27  38
21  49
4  10
29  58
17  23
3  25
26  52
18  58
8  32
21  69
23  80
14  88
14  30
13  6
20  5
27  45
27  57
23  77
21  11
14  28
12  2
18  7
3  86
12  19
17  53
12  58
14  64
10  33
23  16
1  85
23  74
15  21
15  74
11  35
20  83
29  45
14  52
17  8
17  39
19  12
20  75
12  2
21  65
24  81
25  51
23  8
11  64
16  63
26  69
15  70
5  85
8  87
7  41
15  71
27  11
11  23
1  44
27  1
19  14
3  6
25  19
27  20
25  60
23  69
16  70
26  50
16  62
5  70
1  69
16  8
7  39
28  17
18  38
22  27
9  83
4  18
24  52
14  12
26  57
19  51
28  25
12  84
25  17
21  8
14  36
20  40
27  71
1  29
18  83
20  69
28  53
2  50
6  82
27  60
4  60
5  79
14  18
19  79
25  27
2  15
11  34
27  34
25  86
20  49
5  9
26  82
2  88
3  33
2  49
15  17
2  32
16  51
7  5
5  23
16  63
29  81
13  44
15  66
18  8
29  31
29  26
18  87
26  71
7  5
10  62
8  77
11  2
25  52
29  22
1  73
7  58
22  63
28  12
2  36
26  42
19  4
10  4
9  62
3  47
27  16
11  27
15  63
26  13
28  54
15  33
27  79
6  88
2  80
3  55
8  53
13  32
7  68
16  73
14  61
26  75
12  23
28  69
21  72
7  86
17  61
1  2
18  23
25  68
19  39
10  81
18  56
19  61
8  2
19  87
13  15
18  39
12  46
29  48
14  85
3  17
5  60
10  29
10  69
20  82
19  7
14  15
28  81
24  38
8  43
17  9
8  57
16  17
22  9
28  33
23  59
19  81
18  80
3  6
18  11
6  31
26  5
26  67
21  77
9  70
6  68
15  26
26  53
24  10
7  27
1  58
21  46
27  58
29  21
5  10
2  63
20  31
3  5
17  18
1  86
23  10
19  86
25  32
10  81
10  25
1  58
11  17
13  64
2  33
10  47
20  75
21  44
23  77
10  2
20  41
29  19
18  69
9  80
12  62
9  65
23  79
18  32
9  8
10  79
14  10
4  58
22  6
14  63
3  45
2  10
20  18
28  61
4  84
21  13
15  64
7  39
7  51
12  41
14  4
4  78
5  24
27  57
25  16
8  11
23  52
22  15
25  75
12  26
16  26
1  8
13  10
7  1
15  71
18  75
24  58
2  73
6  8
18  49
1  27
8  84
5  14
24  22
23  54
10  77
16  84
22  46
10  8
23  26
23  55
3  40
8  52
1  29
22  45
18  70
19  4
28  70
1  30
18  34
10  1
12  66
12  62
4  35
27  53
10  79
20  16
1  77
11  56
18  37
20  60
21  12
15  88
14  21
28  9
26  41
18  6
5  69
10  67
24  66
26  15
11  10
5  22
10  86
6  25
20  13
21  80
1  70
20  25
28  6
13  26
28  61
9  11
1  67
11  39
9  40
21  33
7  9
14  12
21  63
10  18
24  65
9  6
6  25
23  5
3  20
13  54
23  19
11  67
9  23
25  55
9  74
18  15
1  64
18  70
16  59
24  65
1  70
4  57
26  57
19  6
24  28
17  56
6  55
10  17
29  46
11  23
8  50
22  21
2  1
9  17
15  88
24  32
15  7
8  54
8  18
3  18
9  72
20  61
23  77
13  35
24  26
17  42
4  20
22  48
20  58
9  17
20  48
12  29
20  16
29  40
23  80
6  75
8  86
15  57
1  32
18  28
14  57
28  53
1  22
16  26
15  86
25  81
21  15
28  27
22  38
2  28
8  46
9  15
13  2
16  86
12  21
6  63
3  38
12  35
19  26
6  32
3  50
20  46
11  11
11  38
12  43
1  13
18  33
15  25
26  6
23  59
5  40
28  18
15  38
6  16
22  29
12  46
12  32
13  67
19  46
11  81
20  38
1  72
11  13
25  52
16  40
8  74
29  13
9  64
13  35
25  58
6  35
10  40
5  54
1  85
3  53
19  50
29  8
17  25
17  46
13  6
9  59
3  47
27  16
6  5
6  36
1  74
20  63
7  26
19  47
23  47
23  4
6  44
29  71
18  19
13  40
4  74
15  43
17  63
6  12
24  53
26  26
15  79
21  79
19  33
3  80
9  6
14  47
4  11
21  70
10  10
22  70
29  35
20  21
13  6
6  54
4  4
12  74
22  83
3  45
7  23
12  68
21  37
13  18
15  3
15  9
5  4
11  29
6  63
7  76
9  31
5  18
21  30
11  81
26  74
1  46
10  81
2  55
11  81
8  88
2  32
26  68
13  34
29  81
3  49
7  12
4  39
22  84
10  22
27  19
25  33
1  6
20  20
3  5
13  29
16  70
9  70
3  4
12  82
16  29
23  69
23  26
26  33
11  47
10  26
4  66
14  19
18  80
20  2
17  75
6  62
23  56
20  81
19  36
11  8
12  71
15  63
26  49
12  9
16  24
14  22
28  84
21  29
27  9
25  16
9  60
16  71
27  9
8  37
12  9
12  39
28  73
17  35
10  5
12  77
10  75
6  44
22  28
3  59
8  70
13  27
17  36
15  85
24  63
23  46
17  61
27  28
5  8
5  45
29  82
8  54
17  84
26  73
22  38
13  16
29  64
6  61
16  31
9  36
8  28
11  40
29  70
18  82
20  24
24  1
13  29
23  3
20  55
20  9
4  47
8  8
10  46
20  36
11  34
26  39
1  77
24  55
2  7
19  14
8  68
2  75
16  41
10  77
21  71
5  24
7  1
22  8
14  66
15  82
1  24
25  67
4  78
24  71
19  69
10  11
21  65
15  47
1  82
15  11
26  41
12  2
28  67
13  52
6  34
13  61
20  22
29  67
18  2
3  85
2  3
16  6
17  84
1  41
25  44
28  87
1  81
11  11
24  38
18  47
27  32
11  7
27  70
24  35
18  14
28  51
11  13
19  11
7  30
22  45
4  84
16  45
13  3
11  72
2  80
13  22
22  32
11  30
19  54
29  56
15  7
10  22
3  7
23  36
27  78
20  55
3  5
28  50
13  58
23  43
10  60
20  76
17  48
28  85
4  73
23  62
13  70
12  58
9  70
23  24
16  31
21  83
16  75
1  25
4  59
11  1
14  22
29  37
11  66
15  7
23  12
4  48
25  82
25  4
27  45
3  9
17  84
12  30
3  83
12  31
22  51
20  23
15  66
3  71
21  27
27  82
17  1
3  19
24  21
14  78
27  56
17  35
26  18
2  82
11  56
20  56
3  11
29  87
21  5
9  59
15  15
7  25
20  54
1  34
29  85
26  77
23  51
28  27
19  85
21  76
24  54
23  55
5  2
14  14
4  26
24  88
3  74
19  16
11  31
11  74
15  76
4  22
13  75
10  85
5  56
21  56
6  9
25  33
17  18
29  49
9  78
2  80
26  47
5  51
5  14
13  31
17  30
3  75
21  51
15  4
17  88
5  35
22  6
5  65
4  24
6  50
3  75
10  15
12  44
1  21
19  9
24  20
12  1
4  42
16  15
7  21
21  82
24  71
28  24
29  75
15  88
17  31
21  63
10  18
11  75
6  60
4  3
3  21
10  55
27  77
20  76
8  59
29  7
10  65
23  3
1  13
25  70
12  10
1  30
22  12
2  32
26  35
4  49
4  7
26  13
23  26
20  13
24  67
6  62
28  70
24  4
6  88
27  62
15  1
23  58
26  2
23  41
16  22
7  45
8  13
19  79
2  51
18  30
15  32
12  26
13  80
13  6
24  75
4  51
26  70
25  25
28  88
16  80
28  9
6  61
13  4
16  73
29  38
18  11
23  39
21  30
6  69
1  77
19  87
13  82
14  7
23  22
24  65
20  10
8  16
18  53
18  24
3  70
20  46
14  41
23  67
16  39
5  31
9  53
20  43
28  31
9  39
12  37
27  17
14  59
13  63
23  79
25  60
28  84
4  70
8  59
8  17
10  33
17  60
9  19
24  80
7  29
15  1
12  3
2  62
9  47
18  74
18  41
21  5
6  29
26  76
18  13
16  68
23  47
4  79
18  34
21  61
16  58
13  19
24  67
1  73
2  58
14  53
23  70
25  54
21  69
6  43
2  76
3  65
5  15
25  51
6  30
26  20
19  48
14  88
16  17
4  72
25  23
6  52
8  75
27  83
13  18
21  55
18  43
20  43
25  43
11  46
3  84
6  49
10  44
27  28
9  41
4  79
14  75
17  84
29  66
1  58
5  46
5  43
8  54
25  47
16  16
19  66
29  39
20  73
7  66
15  34
25  24
27  33
11  2
23  55
5  73
5  84
19  23
22  69
20  81
9  57
17  25
22  69
14  83
22  56
14  85
11  72
18  1
4  83
27  15
7  2
13  75
22  88
5  7
24  88
5  57
9  20
26  76
17  50
16  76
23  65
27  59
23  73
24  1
14  16
17  80
22  17
20  77
18  23
12  18
5  24
3  9
17  28
13  35
2  85
15  23
25  80
10  14
19  81
11  50
16  37
14  63
27  49
5  34
13  64
5  54
7  33
18  5
23  87
13  83
11  33
21  55
28  74
4  43
22  28
28  18
16  13
14  57
24  76
18  86
11  13
27  37
15  87
3  2
11  86
19  80
12  44
12  8
17  27
24  37
4  22
27  36
17  13
4  2
19  39
28  45
2  10
3  44
8  22
7  26
27  87
25  38
1  17
24  78
4  14
3  58
25  27
14  21
19  1
5  61
19  63
15  4
6  36
14  31
24  66
15  12
12  22
5  8
29  4
4  46
1  32
28  84
21  23
11  63
6  44
18  55
28  22
2  86
29  14
28  33
26  55
20  9
14  62
21  11
23  49
10  19
19  36
29  88
29  38
4  8
21  58
17  52
13  1
29  87
19  5
12  32
8  9
14  79
23  36
5  3
7  12
21  1
7  7
22  34
16  60
18  52
6  48
3  16
17  21
5  19
18  53
28  46
19  20
9  16
25  11
18  4
29  25
25  85
15  84
10  5
14  61
23  69
25  66
23  63
5  20
4  39
2  1
23  48
21  76
25  59
29  24
19  42
4  28
7  42
7  40
26  47
13  53
9  9
24  59
2  12
6  44
3  6
9  45
22  50
26  69
26  41
3  78
24  8
18  57
12  60
9  86
23  58
1  9
2  11
29  63
6  85
11  48
10  85
12  55
5  63
26  84
20  8
11  50
17  27
21  52
20  40
13  59
2  51
13  43
5  16
26  51
23  28
5  35
3  6
20  64
23  37
13  67
28  35
26  64
29  87
16  41
10  32
8  50
21  53
22  72
6  34
8  35
29  77
29  11
24  15
14  54
15  30
12  15
14  22
18  11
7  7
23  44
17  58
25  80
28  86
10  52
6  23
14  34
25  22
3  74
27  67
23  29
24  39
14  44
28  38
25  47
4  81
29  66
15  66
12  49
12  56
16  60
16  3
1  29
20  49
28  14
6  63
7  40
23  75
11  79
4  14
14  33
17  55
13  5
14  50
11  72
11  16
24  82
20  8
9  55
3  35
17  26
2  61
14  12
6  40
14  74
22  50
14  68
26  30
4  26
28  32
2  9
23  82
16  51
29  76
14  69
4  88
29  82
17  83
7  12
3  24
14  34
28  31
21  6
27  34
5  61
17  47
4  65
14  50
16  68
29  10
8  82
19  76
13  57
5  69
28  53
22  64
14  84
12  87
23  64
1  62
10  19
11  28
26  4
25  67
18  7
5  6
5  59
17  66
8  61
18  61
24  50
8  36
19  66
3  64
19  88
22  24
5  46
21  2
4  21
3  58
7  2
16  13
6  36
25  72
7  41
19  9
9  16
18  47
17  18
13  46
15  74
27  18
7  27
11  37
6  73
19  75
23  47
15  42
9  32
8  32
29  65
9  44
7  83
20  70
29  70
19  67
6  9
11  65
25  15
25  49
10  59
10  42
4  28
9  81
5  35
13  70
13  17
29  27
25  38
22  30
20  76
27  77
12  66
27  25
24  76
18  66
28  8
26  74
24  35
1  47
20  26
27  8
15  69
28  8
22  37
11  24
23  6
13  87
25  16
1  5
28  88
15  77
3  19
17  57
26  66
26  39
13  56
1  64
19  17
20  65
1  29
28  19
8  26
12  22
15  32
12  2
8  21
5  77
22  33
17  41
28  59
19  5
26  18
27  51
26  41
27  82
17  50
28  50
12  59
11  68
13  21
3  52
20  57
23  71
16  45
8  6
4  60
26  85
20  84
3  21
12  57
21  77
25  7
24  16
21  28
17  79
5  84
6  55
19  14
25  77
27  12
10  30
23  88
25  84
24  41
25  34
14  5
16  56
18  80
8  26
28  11
14  67
1  32
24  79
24  42
21  37
23  33
28  68
15  43
24  37
14  54
27  53
4  65
4  78
15  59
26  36
21  75
6  18
24  70
29  79
14  79
19  11
5  81
16  3
5  16
20  36
15  14
17  68
21  57
28  60
21  33
14  73
8  56
10  18
4  18
10  44
9  35
11  73
16  16
14  48
23  69
7  5
25  86
22  65
16  81
16  20
24  72
29  23
17  85
27  86
23  23
4  18
6  57
5  77
29  88
4  78
28  45
18  69
13  73
13  9
11  85
19  68
5  52
20  64
6  40
3  34
29  49
19  53
24  52
8  2
28  40
4  67
21  52
4  87
24  28
23  63
3  82
9  47
13  80
28  9
16  68
18  19
19  45
20  88
8  10
20  28
3  74
13  33
26  70
27  87
23  66
22  49
25  18
13  50
6  17
14  85
21  13
16  60
15  7
4  9
21  38
18  24
22  67
26  37
22  78
27  10
3  64
16  33
28  58
5  8
21  43
25  66
17  39
22  81
19  2
18  10
26  68
15  25
16  86
19  83
9  58
25  67
18  81
19  36
14  31
12  85
23  56
10  2
24  46
27  15
25  2
19  31
6  56
16  43
9  7
14  71
4  77
6  78
16  74
12  69
11  59
14  77
6  71
18  74
18  62
5  25
12  20
9  54
8  29
11  3
29  75
18  76
27  19
22  47
18  70
17  66
29  67
17  69
28  2
9  38
27  59
19  83
4  20
1  2
16  33
19  76
18  86
21  8
10  88
22  59
12  82
22  77
8  52
27  56
7  5
5  82
2  65
11  33
7  37
20  70
6  55
20  74
15  35
14  29
3  8
21  61
1  18
29  3
1  80
17  26
1  69
27  1
21  44
11  48
29  68
3  63
21  59
27  57
20  55
24  15
24  48
6  41
8  17
2  72
17  21
20  47
6  46
24  88
20  48
21  59
22  60
11  48
22  57
12  14
3  21
1  28
9  74
26  52
23  43
28  56
26  13
20  44
7  35
16  3
16  65
10  62
19  18
1  15
27  85
16  44
15  74
27  86
21  35
19  49
7  37
12  54
27  38
17  36
8  72
7  62
12  59
19  13
1  41
17  30
19  75
26  87
26  25
13  34
21  7
10  12
28  27
27  15
12  66
13  52
2  66
26  12
23  10
18  77
20  30
22  42
12  79
3  83
21  63
17  68
27  66
14  17
15  88
27  87
1  71
18  70
21  69
11  83
11  51
6  1
10  61
17  15
5  77
19  13
20  16
12  80
18  48
10  37
8  49
7  10
28  87
24  64
5  12
18  5
23  88
18  46
16  1
9  65
3  34
18  24
6  31
25  41
5  54
21  67
4  41
8  76
20  56
2  85
8  4
8  63
29  6
3  86
15  6
2  11
8  48
1  72
9  88
3  37
23  30
16  15
20  37
29  48
6  69
12  42
25  72
28  36
19  18
26  31
3  49
19  51
4  36
18  58
9  64
10  46
29  77
27  70
11  8
18  83
22  26
23  33
10  53
2  66
27  54
28  68
17  46
14  51
9  18
27  49
27  67
25  65
29  48
20  75
16  55
16  49
23  82
1  40
24  54
4  11
12  23
18  50
29  88
5  31
20  62
18  81
19  44
15  49
16  1
20  18
17  69
29  46
1  19
13  59
8  80
28  44
27  2
3  28
8  83
18  37
8  37
2  78
3  7
18  4
16  78
28  7
9  87
26  45
15  32
27  28
13  30
14  65
15  33
19  6
28  76
15  31
2  73
6  21
20  9
3  84
9  81
9  47
24  48
1  59
25  5
10  73
26  77
23  21
13  18
12  12
13  71
11  74
9  39
5  57
9  22
19  6
16  8
25  69
3  5
2  76
15  22
25  37
20  73
18  70
24  23
10  50
12  79
5  74
15  4
18  78
27  81
13  53
29  53
15  85
6  10
8  44
4  87
9  85
12  37
23  70
9  70
8  85
23  17
11  83
23  82
16  73
9  7
8  23
27  86
21  12
17  49
5  55
9  60
7  67
19  77
27  42
3  41
25  56
19  56
6  48
24  55
27  45
10  59
1  6
1  53
20  84
9  17
21  56
21  24
28  69
12  38
23  45
3  46
9  32
20  41
22  7
20  77
5  62
26  42
14  79
13  88
21  67
10  12
1  12
18  49
12  31
21  84
22  13
3  64
11  40
18  15
3  42
18  2
12  32
6  15
19  46
7  2
18  85
13  87
5  31
2  75
20  83
11  26
29  52
26  66
25  12
8  79
22  37
16  24
14  40
25  47
1  47
9  14
5  20
2  45
17  29
17  64
5  71
11  28
26  31
13  18
6  88
4  12
12  62
26  77
26  17
6  77
25  85
27  10
22  30
17  42
14  49
6  85
23  22
28  39
18  58
3  43
3  80
9  11
26  63
28  84
5  63
22  86
15  53
21  57
11  47
26  83
29  65
25  62
13  53
15  7
20  80
14  8
28  17
9  32
6  54
27  8
25  47
14  14
3  27
26  78
17  65
9  68
22  79
3  55
8  86
11  55
21  55
16  63
1  70
19  62
18  36
15  23
14  28
22  48
27  67
18  39
25  18
12  16
3  39
21  60
28  39
19  76
7  65
14  27
2  36
10  57
21  64
3  28
20  66
8  80
11  73
8  79
22  37
13  36
29  31
26  33
20  59
26  81
12  11
5  48
13  13
2  62
19  61
27  58
22  13
4  59
6  40
7  82
22  14
14  11
12  73
23  83
25  87
27  27
10  72
19  66
26  47
11  57
13  30
29  47
15  42
1  69
7  85
13  20
6  82
12  18
23  59
2  12
8  86
6  53
17  6
18  21
10  78
14  29
28  8
1  38
6  12
28  9
23  44
29  57
6  68
29  5
10  15
23  9
20  28
17  36
15  71
20  45
14  4
22  38
20  7
25  75
12  71
27  76
10  41
9  45
22  32
26  78
4  81
9  31
5  37
24  68
27  48
23  62
5  87
13  1
14  46
26  18
26  55
29  25
23  7
4  76
11  42
14  12
5  31
28  72
20  62
20  23
3  13
11  68
26  2
25  50
22  67
25  70
7  1
28  12
3  3
29  82
28  79
12  65
28  43
4  49
29  74
20  12
19  26
7  75
9  1
27  4
18  32
25  69
15  72
21  19
29  49
15  3
7  66
29  33
14  66
18  47
6  13
4  13
4  34
14  31
3  33
26  28
23  82
4  10
11  80
9  15
29  61
10  11
7  87
17  25
9  88
12  20
18  19
4  46
13  50
21  68
7  13
2  61
12  37
20  65
29  62
1  23
19  59
4  54
14  19
19  69
9  73
26  54
28  73
10  76
8  78
2  86
15  49
8  84
28  76
20  46
8  69
11  60
12  22
25  80
29  57
17  16
26  16
28  87
23  42
10  19
14  50
26  17
15  10
2  28
7  5
14  61
10  57
19  61
7  43
12  61
28  5
12  38
21  42
12  85
9  51
22  78
8  50
2  17
4  26
18  42
2  74
2  50
22  87
29  44
19  38
16  42
2  27
6  37
10  3
16  19
27  78
25  50
11  49
7  67
6  72
7  50
9  32
9  18
10  1
21  61
29  43
17  25
2  32
9  54
28  31
3  68
29  25
23  34
20  52
4  25
23  53
22  47
10  34
17  7
8  53
3  13
4  53
23  15
2  7
17  79
5  82
9  38
25  23
21  83
26  87
12  80
8  54
17  45
29  78
18  22
14  71
8  39
26  73
12  9
15  36
9  28
25  87
9  44
19  29
23  88
20  85
22  29
6  16
5  41
2  62
16  11
21  9
8  16
24  3
4  73
28  12
8  8
25  51
11  81
18  29
9  78
25  20
3  26
8  63
27  79
24  55
27  42
8  9
29  12
22  7
5  60
19  50
17  32
17  82
28  43
25  45
24  64
19  14
8  36
9  61
14  10
21  37
29  48
29  10
4  14
25  41
11  55
15  34
14  48
23  56
1  53
27  1
17  27
15  72
5  80
24  40
4  46
8  59
10  23
25  1
8  43
4  12
9  76
2  48
8  58
23  8
24  19
10  11
4  50
12  86
16  56
27  3
26  64
13  63
18  76
9  9
20  78
27  37
7  73
12  17
20  85
4  71
18  32
10  1
6  74
7  51
18  66
21  66
21  60
14  59
4  12
18  6
24  83
8  48
18  80
20  56
26  19
21  25
25  2
9  30
21  22
4  69
23  64
12  10
19  45
14  20
20  33
9  28
1  64
10  41
3  55
20  17
23  48
28  50
23  44
8  39
25  27
8  14
8  8
5  86
8  80
3  77
28  56
6  7
29  22
1  52
13  80
10  88
18  9
10  78
18  34
26  46
5  53
15  83
3  28
15  42
13  88
24  20
23  86
18  84
1  84
17  60
23  1
22  42
16  66
28  32
8  72
27  17
7  7
7  31
10  82
9  74
7  42
16  51
6  85
13  70
11  3
6  14
15  76
22  42
12  62
3  21
19  58
2  28
17  69
15  88
20  45
19  83
28  41
10  15
1  51
28  66
25  26
25  22
24  15
14  53
19  17
3  17
28  60
7  81
16  28
22  32
2  40
3  64
23  58
28  20
4  43
26  58
29  74
17  71
5  53
24  5
5  8
10  16
8  82
9  54
4  32
20  84
19  41
7  21
5  80
9  69
19  8
6  12
10  42
24  71
20  25
3  48
20  23
10  5
20  24
26  30
23  20
10  48
4  51
11  63
7  80
13  24
14  8
24  68
27  36
27  40
6  1
15  33
8  33
20  78
22  27
28  86
6  37
26  63
27  41
27  56
9  30
3  63
12  69
23  60
29  4
13  15
19  80
25  29
20  67
5  21
23  45
10  40
20  70
13  55
12  41
6  15
5  61
3  47
16  37
12  34
13  63
14  48
28  34
14  15
29  80
29  62
11  59
19  58
4  12
16  2
16  6
1  85
27  17
28  44
6  27
8  81
22  1
1  70
4  75
12  67
16  29
1  39
22  25
26  63
3  82
13  77
25  52
24  8
14  63
4  73
11  34
3  14
7  85
29  79
16  22
7  85
27  85
2  42
24  3
11  76
26  21
14  68
1  55
9  43
1  35
21  27
7  72
13  19
6  39
4  13
15  9
8  65
6  5
7  29
5  22
3  36
1  88
1  34
26  75
29  58
20  88
2  14
2  48
16  14
18  60
16  85
7  47
2  68
28  88
26  33
28  60
16  19
14  88
15  4
29  4
27  49
10  58
23  14
3  38
3  26
22  80
24  66
11  52
15  82
13  75
20  69
23  82
15  21
8  80
3  14
18  78
28  21
10  87
9  79
13  78
16  84
21  62
29  34
25  28
25  13
12  49
2  52
29  29
8  23
13  61
9  4
9  85
25  9
21  32
29  52
14  20
1  79
11  3
5  39
4  27
23  75
2  71
11  49
13  31
13  36
9  3
8  26
26  37
3  34
1  27
20  58
9  28
14  31
27  50
4  22
25  61
18  63
28  81
19  41
15  6
25  64
23  61
13  11
10  10
16  18
10  84
25  53
17  74
7  88
1  32
8  11
22  86
3  13
8  10
23  32
28  28
5  71
24  47
10  4
11  80
1  55
1  70
2  57
21  42
15  71
7  64
13  57
8  67
10  34
28  62
2  34
12  63
25  70
24  78
17  41
2  27
16  28
6  70
9  74
15  64
8  23
6  55
15  6
7  22
21  16
23  26
16  34
4  57
3  40
20  30
23  46
2  7
3  78
9  16
6  11
20  24
12  4
12  8
23  68
24  36
17  22
18  26
27  77
13  40
14  50
10  66
29  79
6  64
25  56
24  78
5  73
8  22
27  82
29  80
25  88
6  73
21  37
19  9
24  15
8  46
8  62
13  47
18  79
29  59
22  38
26  39
16  48
9  22
22  70
13  66
9  37
10  25
2  35
7  60
8  4
21  33
28  74
9  8
18  27
27  34
2  52
19  45
18  76
6  36
9  83
5  3
9  9
7  65
26  19
24  70
17  87
29  28
3  1
20  73
28  55
19  18
3  71
17  52
16  48
19  4
15  85
8  7
16  70
18  67
21  65
12  12
5  78
5  10
19  24
21  88
2  39
12  80
12  50
4  65
26  65
24  42
4  17
18  49
2  1
15  44
10  17
19  9
1  51
9  65
7  57
24  6
20  30
6  70
1  65
18  40
18  75
28  67
1  66
4  13
10  14
12  17
9  56
7  2
28  27
2  36
7  50
28  18
9  49
14  25
3  16
19  76
8  18
24  57
16  76
17  56
5  8
29  36
5  49
1  2
23  49
22  63
5  7
23  14
5  12
6  70
19  44
15  33
14  82
10  73
17  27
11  14
1  45
27  83
25  57
24  30
14  3
24  61
1  42
18  38
27  27
16  71
21  40
28  84
17  78
13  47
1  68
8  82
18  31
22  32
3  74
17  9
18  19
27  4
1  57
29  55
19  41
18  26
26  48
20  41
23  43
10  72
25  26
7  25
15  19
28  48
16  66
17  72
23  54
3  15
8  31
4  84
5  44
16  25
15  1
6  35
20  53
24  62
14  65
17  78
16  53
10  64
15  61
23  63
11  16
13  10
29  81
9  34
6  38
28  74
28  78
2  31
3  8
3  31
7  30
8  22
24  88
5  51
17  45
5  1
29  45
26  1
7  41
6  29
20  36
19  87
15  83
6  8
7  39
4  5
27  28
8  36
28  65
11  12
28  8
7  82
23  64
21  8
12  77
18  32
28  50
2  38
27  68
25  83
1  79
3  30
7  23
19  61
18  85
19  33
5  57
28  7
6  78
4  19
22  73
23  47
17  51
16  81
8  70
4  75
4  60
6  84
3  19
2  12
8  29
21  12
14  76
15  12
13  83
3  6
26  15
22  63
17  4
4  78
8  36
18  29
9  26
23  69
22  45
28  62
15  80
29  19
23  86
13  4
10  11
4  5
21  69
22  20
7  33
3  80
24  74
29  20
24  85
23  43
11  24
8  62
1  80
22  33
8  50
18  51
22  65
4  4
3  46
8  1
6  54
16  51
11  13
24  61
27  16
28  20
25  88
25  25
2  75
14  66
3  4
25  31
4  2
5  63
1  87
11  3
2  47
7  2
14  88
29  28
27  48
7  3
24  66
10  74
18  67
29  17
11  41
1  57
14  2
16  10
14  42
5  53
15  7
29  67
7  15
9  76
27  81
24  59
23  49
14  70
13  68
24  12
27  11
22  72
28  29
9  82
8  29
26  68
23  35
25  1
15  78
19  65
10  47
13  66
19  65
11  1
13  52
22  30
23  16
10  77
21  31
12  49
17  35
6  43
6  39
8  88
8  42
13  88
24  13
22  11
4  22
11  86
4  85
18  27
16  36
16  15
10  75
9  12
22  9
22  71
3  15
9  76
1  14
26  21
29  73
12  17
5  53
4  26
25  36
11  23
5  33
25  87
21  30
11  15
21  10
2  83
15  22
9  81
28  46
9  75
15  61
4  50
26  65
16  48
18  53
23  62
5  13
16  28
26  44
20  79
21  2
19  4
11  10
1  27
7  15
23  22
18  70
26  33
25  6
17  60
4  36
15  36
10  43
19  72
20  73
19  70
11  21
7  21
25  29
12  38
28  35
26  52
18  79
5  42
22  24
24  75
25  28
16  69
14  88
16  23
19  73
27  73
25  40
7  35
8  43
7  38
15  65
11  22
11  54
1  33
2  52
12  33
9  26
3  37
7  38
12  70
6  31
18  61
20  86
4  18
3  26
18  55
21  18
3  26
7  53
26  42
12  85
28  81
21  2
20  88
13  11
14  72
22  40
26  36
22  43
1  85
22  28
10  69
25  36
16  84
24  41
23  17
12  80
17  16
21  40
18  2
27  43
25  42
21  80
9  60
14  11
19  64
15  31
14  20
15  34
23  79
14  46
9  50
2  79
21  73
5  16
16  47
14  64
19  32
29  2
8  71
4  51
26  8
14  37
21  24
17  88
7  56
24  39
21  81
14  8
5  81
17  61
17  75
12  8
20  61
19  76
7  3
19  54
20  57
20  42
25  85
3  34
3  75
12  41
16  42
3  6
15  19
2  76
17  50
24  14
24  78
19  80
5  42
2  57
14  38
11  28
2  71
6  77
17  50
8  64
9  41
12  78
7  60
4  1
9  25
11  87
10  6
23  11
6  50
11  46
22  27
20  37
29  35
16  52
20  84
17  8
29  26
11  34
19  32
15  80
6  82
18  5
6  49
23  33
20  70
15  43
29  30
11  58
28  83
4  51
8  43
1  29
10  9
27  80
16  58
15  68
26  50
7  38
11  69
1  45
29  65
1  35
10  16
16  31
14  28
13  7
14  27
10  10
9  18
9  36
1  30
18  19
4  45
23  46
17  75
18  53
6  73
9  51
8  56
26  48
24  34
19  83
23  73
19  45
24  10
14  40
6  49
3  87
14  64
19  7
13  34
1  43
11  33
20  85
20  55
16  24
27  10
19  59
3  33
8  8
8  19
23  2
11  87
19  36
12  21
3  63
22  59
26  20
15  84
24  55
18  52
7  4
27  54
18  52
2  30
9  55
22  74
27  37
24  11
26  88
13  42
3  17
21  13
5  3
20  32
18  45
14  48
26  16
25  44
21  80
2  44
18  80
10  59
28  6
20  1
21  53
10  81
3  34
7  82
7  70
3  72
13  9
4  66
24  88
7  62
5  85
22  65
27  37
7  27
10  64
24  14
15  9
3  79
8  68
12  62
16  23
16  48
15  1
11  12
26  16
3  66
10  7
17  6
6  19
19  28
22  7
3  14
21  30
8  49
14  69
22  62
10  75
15  76
13  56
24  58
1  83
10  26
20  64
12  57
17  78
18  59
23  31
1  28
11  80
4  81
5  8
9  21
27  6
6  16
15  59
1  49
11  78
4  36
7  78
18  22
2  10
5  29
21  4
14  37
27  5
12  5
26  74
16  64
22  11
6  32
8  60
2  44
23  37
21  10
5  76
2  56
17  51
11  60
11  83
20  84
25  63
25  24
2  70
10  43
12  56
22  32
7  25
5  8
28  12
29  58
1  55
1  60
7  4
9  54
9  15
26  70
27  11
25  37
25  24
27  73
9  15
23  68
12  22
21  81
4  46
25  86
16  57
21  5
7  2
4  37
22  37
15  54
15  21
24  42
27  68
19  78
6  77
23  24
21  53
28  50
25  16
6  44
15  64
16  32
26  65
13  63
4  7
16  17
28  17
9  42
12  71
4  87
18  78
19  8
4  12
7  8
2  86
20  23
25  24
5  65
17  12
9  62
29  35
28  18
17  66
13  40
18  68
4  80
6  21
18  64
2  38
16  14
3  36
8  3
25  51
26  2
20  1
15  56
8  85
9  86
5  29
6  34
26  63
24  76
20  71
17  12
9  80
22  32
11  62
25  3
14  71
22  50
1  82
10  32
10  87
3  17
27  70
22  83
18  52
12  24
24  72
29  72
9  52
18  12
6  31
15  37
21  47
11  11
7  84
21  65
23  87
26  14
16  49
11  87
28  8
8  71
17  52
11  88
7  80
8  43
1  68
28  4
8  24
6  81
8  26
20  17
7  80
18  49
17  81
3  9
29  46
16  46
20  7
19  25
6  47
20  36
1  41
13  12
16  52
22  57
11  58
8  59
4  55
3  31
24  52
9  39
19  50
4  16
3  12
6  21
6  6
23  40
6  34
12  57
3  65
10  79
11  62
29  51
12  70
19  36
22  68
28  60
29  41
4  2
28  32
15  9
26  72
17  62
22  10
11  31
8  10
21  70
1  75
8  44
17  67
25  19
4  30
27  28
21  46
22  71
8  31
1  81
26  49
28  40
23  79
3  66
5  60
4  3
18  85
24  28
19  41
25  49
24  37
9  67
9  85
25  12
11  5
27  66
12  13
11  26
12  19
12  6
6  18
20  9
6  80
7  86
5  21
9  73
13  71
13  61
26  3
1  37
14  21
16  14
8  33
25  49
14  19
10  63
26  48
3  60
25  79
19  46
23  58
15  47
23  54
22  78
20  66
20  69
22  69
20  75
23  40
24  64
16  66
1  73
27  2
9  58
28  55
4  16
10  84
8  9
6  71
3  2
15  24
23  16
11  47
27  75
14  62
5  12
18  86
9  16
10  37
2  76
21  68
21  80
8  79
22  64
22  22
21  53
28  33
19  43
14  80
24  67
3  47
4  57
1  17
2  8
21  68
21  1
22  58
12  74
25  24
26  59
6  14
12  67
8  79
16  42
6  59
1  72
26  16
6  74
7  64
20  69
11  51
4  34
26  12
16  42
20  50
12  51
11  61
4  81
25  48
1  80
3  46
7  44
22  52
28  36
18  86
4  83
21  22
4  38
1  32
17  28
1  41
24  55
2  21
29  49
3  23
10  41
15  67
15  37
27  88
19  50
23  73
8  78
19  34
20  7
5  8
3  44
23  33
9  9
22  75
10  32
4  72
27  82
10  63
11  54
7  78
1  80
23  11
10  83
2  26
11  33
27  33
19  70
28  39
19  45
22  35
29  82
9  56
6  15
15  78
11  2
11  36
9  19
8  17
17  84
27  3
14  17
16  86
13  78
11  62
16  8
4  64
6  20
18  58
19  27
18  83
5  63
17  85
23  63
7  63
7  6
23  47
6  2
12  13
20  73
27  66
27  85
7  7
14  32
20  34
5  67
21  52
5  72
9  78
23  87
29  49
25  29
4  4
22  25
29  32
8  57
9  72
25  81
7  76
26  35
4  45
7  2
28  35
14  64
22  65
6  88
15  10
10  6
23  21
11  50
26  68
20  75
19  27
19  56
7  75
19  58
4  6
16  85
6  85
21  5
21  44
12  85
15  15
13  67
16  87
10  40
16  45
21  59
1  55
15  53
7  32
3  47
12  49
17  71
16  69
2  82
11  19
20  67
25  68
13  74
20  21
2  87
12  86
8  70
1  72
1  5
12  62
21  55
9  50
2  61
29  1
18  11
26  48
6  6
24  13
15  61
27  43
11  5
16  45
6  14
24  43
20  75
12  74
2  63
22  54
9  50
25  75
11  12
1  25
20  72
26  30
22  17
13  61
26  35
23  52
8  88
27  35
1  27
9  40
19  49
21  72
2  83
2  56
15  8
16  57
6  40
2  66
23  83
12  23
12  7
14  16
27  65
17  76
1  27
19  52
15  43
6  28
15  4
5  4
8  37
25  69
8  88
8  14
1  70
27  30
21  77
14  28
25  27
13  59
28  68
20  25
29  47
8  15
8  64
9  26
26  30
17  55
25  44
21  30
17  61
12  5
22  48
23  70
6  60
8  75
10  4
17  5
15  67
22  51
22  83
2  24
9  47
27  45
7  1
19  22
2  38
8  81
9  77
8  40
12  46
22  24
7  7
12  18
14  26
4  78
21  66
12  64
26  12
22  19
27  19
16  81
17  59
4  61
6  63
3  87
23  87
3  22
10  17
16  61
29  31
20  84
1  9
20  7
18  73
3  67
17  5
17  84
22  10
27  69
27  51
18  39
18  17
16  2
10  44
24  17
17  80
28  15
13  59
18  40
23  66
4  19
28  4
2  35
23  78
3  21
7  77
19  52
29  66
27  31
13  39
11  28
20  88
28  77
20  21
3  49
16  67
2  46
3  51
1  58
10  50
6  17
8  71
7  1
27  52
13  65
9  60
19  8
19  42
9  50
12  66
6  76
24  17
2  1
12  86
14  37
16  12
22  78
4  56
29  43
15  85
15  21
14  23
6  26
29  76
13  88
1  86
14  46
19  62
11  86
26  67
13  55
27  31
6  23
22  42
10  6
28  32
8  6
18  85
8  6
22  73
29  29
8  23
15  3
1  23
26  11
7  3
20  29
26  31
20  25
2  33
4  6
27  40
2  40
22  26
6  7
6  37
27  76
12  86
19  31
16  64
27  19
21  5
19  35
26  64
22  46
25  42
13  62
27  19
6  47
20  1
28  34
21  36
28  9
5  74
16  45
15  13
18  67
23  42
1  37
14  38
18  20
14  17
25  12
29  20
2  48
6  62
23  68
8  42
22  57
25  69
26  50
6  3
14  78
20  81
28  15
9  37
1  31
25  49
12  34
25  39
6  62
18  14
14  30
8  35
17  79
24  83
3  2
14  20
25  24
24  83
19  60
18  56
16  33
11  79
14  44
16  39
6  61
6  37
7  79
8  27
12  79
2  9
1  1
7  45
9  21
14  39
1  25
23  29
15  8
27  54
6  24
14  10
10  1
4  22
23  50
25  54
28  69
24  26
17  74
16  19
7  34
26  15
26  18
8  31
24  79
6  58
17  40
1  3
16  47
27  78
25  26
14  40
17  30
23  3
9  27
29  64
2  74
29  15
19  82
24  51
17  34
10  73
7  2
7  54
28  18
5  24
16  28
2  5
17  5
14  8
11  14
17  18
13  65
3  84
23  7
13  83
16  46
28  76
3  80
25  23
1  55
15  33
16  12
28  25
14  86
14  76
19  40
4  11
8  67
4  10
25  75
2  12
19  86
8  18
21  38
21  34
26  24
18  52
13  13
16  8
9  54
16  43
26  36
16  25
22  77
11  76
3  19
29  42
22  38
9  4
11  58
28  51
20  19
28  46
22  84
22  46
15  48
23  82
24  56
12  6
28  66
22  38
7  3
20  1
23  67
19  9
20  6
9  70
28  3
24  34
28  62
16  47
29  8
11  37
22  6
10  40
27  15
25  53
17  86
24  61
1  32
8  67
16  71
23  23
15  77
20  45
7  12
25  15
5  66
8  31
23  11
11  73
5  14
20  37
14  9
7  66
17  57
25  86
26  9
28  18
14  43
29  26
18  61
10  67
26  3
24  45
4  11
23  87
13  69
3  41
17  40
21  37
8  58
3  47
24  32
17  4
21  43
21  78
13  36
12  77
27  46
16  18
21  73
14  69
23  23
25  22
21  47
3  40
13  32
1  57
4  63
25  87
7  1
7  29
18  44
15  50
17  7
26  82
7  2
20  30
23  33
1  23
1  74
17  48
12  45
26  17
14  83
3  72
24  39
1  2
4  74
7  63
20  43
29  35
10  67
19  72
28  45
1  41
26  84
8  66
8  16
20  75
11  80
4  43
10  43
1  81
13  74
7  46
21  61
3  6
7  37
17  14
13  73
17  23
3  75
23  32
11  26
5  34
5  74
13  4
19  32
21  79
12  79
17  4
25  1
14  50
17  79
23  4
24  81
27  6
25  49
14  24
3  1
18  43
3  69
28  32
19  43
27  32
27  39
25  62
24  11
12  41
16  68
1  21
2  31
20  25
11  34
15  20
8  64
25  65
4  52
11  41
4  39
27  23
15  52
23  6
18  24
22  31
13  39
8  39
22  9
3  85
8  4
11  81
22  3
29  40
1  12
25  20
3  32
8  49
22  83
17  2
18  11
2  1
27  53
7  37
6  18
17  86
29  25
5  60
4  63
28  77
12  73
4  54
27  34
5  49
3  80
17  68
19  56
14  10
27  82
24  51
6  15
3  23
25  14
24  64
15  47
7  52
16  15
16  57
28  65
9  76
15  78
11  26
22  51
3  47
14  25
8  85
19  2
14  36
20  7
2  24
28  15
28  56
17  73
24  3
13  2
26  85
15  2
17  23
19  49
9  36
15  32
22  47
24  9
10  50
19  48
12  66
3  83
17  86
6  45
29  6
1  48
5  49
25  56
11  22
27  37
28  28
25  1
11  45
23  80
19  29
20  20
7  72
1  32
17  17
28  5
3  48
16  80
9  11
28  84
8  61
27  4
7  19
21  41
12  11
9  81
13  16
18  49
14  72
7  41
18  46
18  13
5  35
9  69
5  40
13  82
6  54
6  8
19  7
15  43
25  13
27  42
11  79
12  9
21  13
25  10
20  81
26  27
8  29
29  10
21  11
19  13
19  87
15  31
23  57
21  21
6  39
12  6
27  63
14  72
24  74
12  88
25  85
23  25
19  88
5  46
12  33
26  2
10  19
4  60
14  79
2  41
23  61
21  58
19  84
12  36
5  5
22  38
11  78
19  12
14  2
14  10
3  29
15  29
4  70
14  68
13  45
21  4
2  27
28  56
11  41
18  79
1  49
13  16
18  65
15  88
15  46
16  76
13  84
24  42
21  76
24  42
24  86
14  26
7  38
11  30
6  67
25  7
18  34
6  34
2  33
16  81
28  56
12  63
5  18
17  61
21  80
6  74
18  7
22  47
28  72
10  79
4  77
16  21
10  4
18  41
18  19
16  83
16  19
17  48
1  10
10  33
17  80
16  16
1  43
14  46
9  62
13  40
26  36
14  24
9  27
22  64
18  83
4  49
25  37
23  57
17  56
5  67
11  71
19  17
3  15
18  12
28  68
3  36
3  27
8  43
15  82
4  19
18  36
18  48
23  49
2  72
10  26
24  79
7  41
25  23
21  78
20  85
7  31
6  15
16  55
2  41
14  31
3  62
4  75
23  68
15  19
10  24
9  65
15  65
5  18
17  9
6  13
8  5
14  73
19  77
20  76
5  55
11  37
23  38
18  3
3  40
29  63
4  6
21  51
29  12
13  54
14  32
6  88
10  87
11  15
5  19
16  21
4  65
5  72
27  6
2  25
24  2
5  72
16  13
4  52
25  37
8  49
2  34
25  66
1  17
13  86
25  36
4  86
4  82
1  28
15  43
28  8
2  76
2  20
6  17
28  7
2  8
11  23
14  82
1  23
4  21
26  32
19  20
27  60
6  88
13  70
3  87
11  52
12  19
12  6
12  22
20  25
5  25
22  52
17  4
2  52
21  63
23  11
22  47
1  3
11  37
14  8
22  40
15  75
26  35
10  34
7  49
24  45
4  36
16  84
3  13
17  45
28  53
6  65
26  2
17  14
8  38
26  79
10  58
9  15
23  23
18  68
10  85
14  32
27  84
3  20
2  15
10  37
3  42
8  40
11  72
24  33
4  87
28  39
19  63
12  52
20  45
19  24
19  14
10  61
18  6
28  70
9  49
23  80
5  9
13  50
2  86
21  1
9  11
27  68
12  21
8  23
29  71
7  58
25  88
16  49
20  54
19  31
17  36
5  51
4  47
1  13
28  86
24  42
8  39
19  18
21  23
22  11
28  26
28  47
8  32
12  80
18  16
14  83
1  62
8  50
7  23
23  4
12  14
18  23
23  32
25  86
15  49
25  29
23  49
26  17
8  57
25  85
19  71
24  86
3  26
2  48
19  87
1  74
1  81
18  13
21  63
21  34
20  88
9  56
23  42
5  61
18  79
17  68
22  73
5  45
4  76
21  66
3  65
11  69
10  20
20  15
19  27
21  59
17  39
20  81
8  47
5  39
27  31
2  18
23  16
23  58
28  48
6  19
25  26
5  16
20  9
17  82
27  87
27  30
18  2
5  68
2  5
22  43
27  28
7  67
28  64
7  42
24  43
11  48
29  22
3  46
5  70
5  81
9  86
6  53
29  21
1  76
1  72
11  62
27  34
17  10
14  55
12  74
20  80
1  84
13  1
26  61
22  15
2  1
1  85
25  21
14  77
15  78
13  43
27  18
3  21
7  67
18  39
10  52
9  60
4  76
28  30
13  56
28  62
15  77
26  79
21  3
21  69
11  13
10  59
24  28
26  66
25  67
25  78
27  54
13  41
17  60
3  51
22  51
2  1
4  34
12  26
7  57
15  73
15  69
1  61
1  49
28  52
22  86
1  21
18  18
16  37
15  31
20  2
1  42
29  35
6  60
13  48
27  29
27  38
3  4
11  43
26  35
4  87
11  87
28  35
20  14
27  52
6  65
28  39
27  25
11  25
11  29
22  54
2  25
21  23
3  51
10  9
13  23
27  56
26  19
2  3
2  52
9  80
9  47
2  40
19  68
6  85
11  36
8  16
22  59
26  40
8  24
17  5
21  82
23  26
29  69
8  40
27  18
25  55
10  68
12  87
28  15
2  21
7  75
7  26
16  70
9  77
16  47
3  25
2  6
16  1
20  26
12  79
22  59
15  4
28  61
15  2
24  30
12  77
23  78
1  63
27  77
6  67
19  44
2  74
16  41
4  41
9  45
9  60
6  66
6  27
2  70
14  42
5  53
25  63
27  83
17  45
8  30
28  21
24  9
22  76
14  29
12  31
6  27
9  51
2  69
16  1
27  26
15  54
24  80
20  57
29  51
20  78
13  44
3  23
26  85
7  58
28  32
16  14
7  31
26  79
25  87
20  1
20  46
18  33
3  35
9  54
25  12
25  15
5  50
13  22
18  66
18  26
10  45
28  2
25  54
4  61
12  3
14  79
11  21
9  78
20  82
5  51
18  82
12  19
23  70
1  53
10  4
24  38
21  71
29  32
17  36
11  73
3  7
29  24
11  28
22  58
12  33
9  50
23  88
13  88
6  67
26  56
14  24
16  51
25  12
4  51
5  60
24  31
19  54
8  62
26  86
1  9
2  60
9  81
1  27
25  72
9  21
23  59
11  17
4  20
11  39
5  79
21  74
18  34
16  84
24  63
7  80
12  22
11  24
3  27
16  38
16  32
18  80
24  51
10  5
3  7
29  19
15  72
18  67
24  8
28  45
12  55
5  5
14  23
6  7
1  21
21  78
27  3
10  32
14  51
12  29
23  70
21  46
26  43
16  67
21  43
12  53
16  80
3  58
14  14
10  86
16  34
10  6
6  55
2  48
3  87
10  63
4  86
15  67
13  67
23  13
28  72
9  56
13  24
10  18
4  80
8  57
24  46
20  75
23  78
7  46
28  52
3  79
27  59
13  14
17  4
16  21
20  10
16  25
20  82
29  18
7  57
14  21
16  37
11  88
4  53
14  61
8  29
8  72
18  17
22  59
28  42
13  9
1  31
19  78
21  19
17  37
14  4
3  52
25  52
28  10
1  64
29  1
13  30
25  39
14  83
15  30
21  50
2  18
6  49
27  27
16  54
3  72
4  46
21  52
28  70
10  29
11  11
27  70
13  43
1  87
2  70
12  35
2  55
6  71
25  45
29  34
27  79
4  63
27  28
9  23
14  79
8  36
1  73
27  16
20  41
24  53
18  86
8  46
22  46
24  17
11  15
4  56
12  34
18  21
28  39
6  35
19  59
14  11
21  71
8  44
5  67
1  12
25  23
22  51
1  73
25  39
9  74
15  57
27  51
12  54
22  14
6  50
24  71
18  47
29  73
3  28
8  45
20  33
10  77
29  78
25  22
22  10
5  60
10  65
21  7
7  47
13  83
21  26
12  30
7  84
7  27
5  5
8  67
15  87
12  75
6  83
10  64
26  25
29  63
17  76
27  25
14  60
23  60
22  5
13  45
19  37
13  88
21  19
14  50
12  75
14  78
8  86
2  36
13  46
3  72
28  78
15  70
11  80
29  83
2  9
19  54
28  63
10  78
6  58
18  53
21  40
1  26
4  11
11  36
4  45
13  42
26  36
14  56
27  88
29  68
7  16
7  55
13  21
9  55
7  23
15  8
23  35
28  43
7  46
12  87
14  3
20  83
24  48
5  85
8  63
10  53
27  72
26  75
4  28
18  88
12  4
28  88
14  48
18  60
24  59
23  70
29  27
6  85
26  7
3  73
28  18
21  72
27  68
22  47
12  23
22  36
14  62
13  48
6  18
7  34
23  6
20  30
13  18
13  61
10  6
21  30
20  68
28  50
28  79
28  37
21  67
7  81
21  74
15  36
21  85
21  49
28  28
13  52
9  28
16  87
18  23
18  34
16  18
18  87
7  87
16  11
20  67
25  49
1  66
29  9
14  46
10  29
3  15
12  35
9  84
26  79
10  47
2  24
8  55
27  27
25  39
15  5
1  4
6  1
7  27
7  73
21  41
19  34
23  84
11  8
10  87
26  64
7  75
15  69
10  72
15  57
13  27
6  69
20  33
17  85
5  82
28  2
8  41
21  35
15  63
26  78
1  72
19  71
14  21
16  3
3  8
5  7
9  71
15  25
24  63
15  8
16  65
12  32
20  2
23  37
7  61
24  73
10  67
24  8
3  35
29  72
3  68
5  55
26  15
18  36
22  73
3  71
12  46
19  13
3  34
26  76
5  64
1  37
22  21
8  63
23  79
14  7
18  48
6  5
28  54
29  11
25  36
22  7
10  11
29  55
2  50
3  20
2  54
20  86
26  26
5  63
24  31
16  53
10  30
14  47
29  74
15  72
2  68
8  57
5  30
7  81
15  9
3  48
28  41
10  49
3  61
11  46
6  77
9  21
5  69
12  71
5  38
19  81
29  84
20  28
22  18
14  56
28  32
13  69
16  63
26  73
7  43
16  22
26  39
27  43
24  15
18  74
23  78
13  82
22  80
25  43
17  2
23  86
24  30
7  15
14  66
14  3
20  64
13  68
12  56
13  67
23  57
19  60
27  62
24  29
17  21
9  33
7  12
20  57
10  68
1  18
13  72
9  10
15  22
24  43
4  75
10  50
11  62
10  49
15  2
20  88
25  31
3  51
20  19
12  77
14  33
17  74
13  83
16  25
28  68
6  65
18  54
24  43
21  26
29  13
4  71
27  30
15  81
14  5
8  26
26  28
11  87
5  42
3  57
25  23
2  4
28  80
15  20
8  34
24  2
27  3
3  47
29  20
15  56
5  18
12  55
24  84
7  74
14  31
26  37
13  61
7  34
16  85
21  33
14  19
6  42
28  56
25  23
6  36
26  87
7  24
11  53
10  32
12  23
7  85
14  50
22  17
11  67
21  3
26  56
1  27
11  77
7  40
24  11
1  52
29  75
11  17
22  24
22  21
25  66
27  64
16  14
29  14
13  51
20  16
6  71
21  45
24  56
20  22
17  7
3  47
3  87
3  34
25  20
20  13
3  70
12  35
22  28
1  49
7  69
23  38
5  9
22  61
23  22
27  56
18  24
6  2
26  8
24  78
23  20
3  22
9  7
22  36
24  23
3  44
22  13
23  58
17  58
2  16
17  4
19  16
13  8
25  48
13  25
1  67
23  62
12  3
17  34
12  53
15  29
12  77
7  72
27  64
1  30
28  49
7  86
6  59
2  44
7  85
3  23
1  75
19  77
21  73
6  11
15  19
11  81
26  55
22  50
22  28
25  73
23  36
4  54
13  69
20  56
3  13
22  85
8  11
18  61
21  19
9  85
3  25
26  15
22  31
1  30
19  9
13  39
11  30
13  67
20  81
18  49
26  53
29  24
18  31
22  42
25  29
3  53
10  29
11  11
10  32
18  25
24  61
9  4
16  25
10  71
5  60
9  73
4  16
28  28
15  59
5  48
4  83
3  62
3  25
23  17
5  78
28  86
19  2
17  60
17  3
12  46
15  66
20  38
27  2
16  28
7  74
26  43
10  10
28  37
27  82
26  69
22  85
8  18
4  12
11  51
23  32
8  37
6  79
2  34
23  7
14  36
25  65
2  40
19  21
6  29
11  83
19  67
6  34
2  16
2  57
9  85
18  74
4  48
3  71
16  19
24  20
23  17
10  12
29  33
17  40
6  75
25  34
5  23
7  72
10  29
29  43
8  22
20  15
16  2
17  61
5  83
11  76
20  79
19  63
17  67
17  72
6  10
20  73
22  85
3  67
5  36
25  79
29  35
23  50
14  47
8  15
6  24
23  44
24  81
11  5
16  42
13  63
23  71
29  5
29  41
29  71
20  10
5  49
21  46
27  80
5  13
9  38
15  20
9  54
12  84
23  36
13  74
1  19
27  61
26  18
3  31
21  33
27  82
9  53
20  68
9  35
16  37
11  81
7  61
28  48
20  83
27  86
1  88
9  16
13  81
9  28
10  43
7  36
2  9
21  63
17  33
20  17
14  61
15  35
22  62
20  53
19  66
26  56
28  38
6  88
12  79
11  30
19  25
2  52
7  59
25  42
22  2
8  77
16  25
25  39
24  2
8  10
22  79
6  85
29  57
23  9
22  26
17  78
23  14
28  70
3  43
28  3
17  49
22  52
18  76
13  18
11  39
17  81
13  83
13  3
29  46
26  22
25  78
29  78
1  84
16  13
23  29
22  38
4  35
7  73
27  35
20  16
25  16
20  16
19  77
7  12
19  55
17  44
5  40
27  58
3  88
24  5
29  38
21  54
14  5
24  8
9  66
19  29
6  9
9  67
22  54
20  21
27  49
9  54
23  68
10  24
6  70
16  50
2  42
7  73
18  1
12  21
11  27
16  36
8  69
19  12
28  53
17  34
27  49
19  32
27  85
18  74
27  35
28  33
26  12
15  49
15  37
26  5
16  77
20  74
22  74
5  73
23  60
2  46
21  73
16  86
29  72
29  5
7  25
26  5
11  57
7  27
5  67
6  19
6  58
2  3
7  43
7  85
13  63
5  39
16  79
28  76
12  64
27  69
3  21
23  34
8  4
12  26
27  1
17  3
26  38
16  51
25  52
13  5
8  59
21  55
2  37
13  7
17  9
12  30
24  20
22  69
19  50
18  28
17  41
9  10
4  86
20  86
6  9
6  43
12  28
24  11
22  1
6  59
4  73
10  43
15  64
12  25
10  78
25  59
4  9
15  34
3  62
28  87
9  22
11  37
25  29
7  22
28  70
16  66
3  57
23  66
22  79
5  18
4  5
21  28
25  75
17  50
11  73
3  11
29  47
21  63
22  82
7  54
18  47
5  42
1  32
6  53
18  19
1  20
9  18
28  83
9  61
26  67
16  59
25  54
16  24
18  67
6  64
7  29
17  26
2  46
22  48
10  48
12  66
6  36
17  82
19  44
13  34
21  10
17  25
2  52
22  85
8  55
9  83
20  8
29  34
13  42
20  29
16  25
12  30
16  77
24  24
14  82
17  70
22  84
21  23
7  24
5  74
16  62
25  86
13  59
24  58
12  58
14  28
25  82
29  61
4  51
2  9
6  2
19  76
6  53
18  8
16  72
1  19
19  61
18  54
18  49
28  64
8  75
24  8
19  73
2  18
26  43
5  40
9  48
10  82
2  79
23  33
20  14
11  77
23  46
2  46
5  80
15  87
13  8
13  86
15  72
29  32
21  48
23  10
9  16
4  51
20  48
11  77
23  79
13  34
9  31
24  59
3  34
3  35
14  22
4  58
22  35
14  5
6  30
5  3
26  54
5  43
17  51
26  1
8  22
19  31
10  35
24  16
2  20
1  16
17  48
9  47
27  64
24  12
4  1
2  30
20  69
25  54
29  28
14  56
17  9
9  72
12  71
26  26
23  66
15  17
21  41
3  65
19  9
5  33
1  14
27  63
23  74
18  71
19  80
11  15
3  82
26  10
26  22
9  52
27  55
10  36
5  48
15  13
18  35
29  79
27  40
17  20
19  73
1  28
17  74
14  9
2  6
14  15
22  36
3  35
15  8
12  84
6  46
16  39
26  18
23  36
14  19
8  6
1  38
15  64
18  22
1  75
3  88
11  60
16  5
24  50
9  17
20  61
28  9
4  74
7  58
10  19
23  11
1  19
12  76
12  87
6  24
13  48
17  38
15  38
26  54
22  14
8  54
24  3
8  60
3  43
21  78
28  24
6  61
14  39
8  80
10  85
10  45
26  69
27  10
24  55
12  26
26  43
2  11
26  82
12  83
5  77
16  75
28  71
11  28
27  69
4  70
28  22
17  88
26  70
16  81
3  36
6  61
15  27
13  67
3  6
26  43
13  61
16  61
1  36
15  85
10  34
24  26
11  39
23  37
9  30
23  39
29  18
5  83
11  21
23  43
20  75
9  71
23  62
5  8
29  3
1  2
22  9
16  8
7  74
17  57
8  65
5  8
1  11
10  49
22  51
24  55
10  46
24  11
7  29
23  47
24  56
8  41
5  31
24  43
22  28
29  87
11  60
24  87
24  77
16  74
3  26
10  67
19  65
20  76
12  37
22  24
16  39
7  69
19  63
17  32
12  49
6  35
26  51
25  25
19  59
22  83
17  85
16  35
20  25
4  29
14  43
12  69
3  28
20  19
14  86
20  27
22  77
8  9
8  1
2  58
28  40
5  6
8  16
13  74
4  18
28  58
18  82
20  3
25  19
17  61
5  88
20  8
22  28
12  14
19  51
25  46
2  58
11  17
7  9
14  45
10  65
26  31
8  55
25  77
16  16
26  18
18  24
27  26
18  59
13  13
5  4
29  33
6  51
20  63
11  1
17  40
16  8
7  33
28  14
3  73
21  56
9  67
9  82
12  78
2  12
16  18
10  33
10  6
12  49
16  61
7  86
26  70
23  52
26  82
16  2
20  17
8  37
17  13
22  59
21  32
5  28
20  2
19  37
26  10
19  47
2  13
28  68
12  21
8  65
22  9
10  7
18  66
5  84
6  61
12  15
26  28
23  64
18  56
29  77
3  17
4  25
11  5
21  78
1  31
15  76
22  7
29  10
12  32
8  33
14  86
13  9
21  22
29  34
9  64
7  76
27  31
15  10
20  1
2  1
13  49
26  79
28  2
7  87
22  30
21  81
3  29
24  29
6  49
20  88
26  38
1  39
14  55
9  88
29  51
8  41
12  7
29  32
16  5
10  81
13  2
2  62
1  77
15  88
7  10
26  20
11  39
4  57
12  54
23  30
19  49
29  25
15  44
8  57
14  76
9  61
4  54
4  45
7  58
16  14
22  21
17  44
23  30
16  15
17  16
6  88
1  30
14  69
28  6
1  64
4  60
7  46
4  55
7  67
14  40
10  82
15  14
26  74
16  39
8  77
29  73
2  58
8  39
27  34
14  39
28  87
2  8
16  88
24  16
3  82
29  51
6  49
24  17
28  84
10  86
13  62
5  77
25  48
27  46
1  11
7  68
13  60
23  52
19  1
17  15
22  80
16  64
1  54
24  17
7  4
16  16
24  78
25  47
6  6
11  9
22  61
19  64
22  49
7  4
18  74
25  86
24  15
29  50
12  70
15  67
15  80
11  80
16  74
2  28
19  80
14  84
10  52
10  49
19  4
24  61
16  18
25  26
21  61
27  30
24  44
17  67
11  11
5  43
19  6
9  40
4  58
12  73
11  11
18  49
16  56
8  2
5  67
27  55
12  68
12  87
2  13
15  4
3  40
15  35
24  69
9  31
9  32
16  62
25  23
28  13
28  56
19  31
16  57
29  24
9  50
19  33
27  12
12  28
6  69
21  38
6  19
28  4
20  54
28  38
11  67
19  17
6  2
26  1
23  17
26  43
5  1
20  16
22  46
2  69
18  29
11  31
7  70
3  85
27  64
6  6
8  35
6  25
4  1
11  59
24  38
11  66
27  39
9  8
11  7
16  12
23  3
3  11
12  15
19  76
16  58
7  16
14  53
28  80
28  9
19  57
18  61
27  58
4  47
18  62
12  42
13  45
12  77
13  29
28  61
25  53
5  32
8  2
5  74
7  35
5  78
4  39
4  82
13  31
28  4
23  45
20  19
14  67
11  54
14  73
22  73
27  54
21  63
5  31
20  1
23  38
17  3
12  34
26  64
8  84
21  60
5  66
5  79
8  36
14  26
27  19
10  74
26  17
10  73
5  52
25  27
17  37
9  46
15  29
11  35
29  70
27  34
19  23
22  82
14  82
25  85
15  8
3  41
4  52
6  75
1  52
26  15
17  43
4  42
24  20
19  48
18  33
1  50
6  18
10  71
8  10
21  11
23  58
11  29
18  49
26  34
20  11
25  47
14  13
4  51
9  3
7  51
8  65
25  55
18  6
20  42
29  7
3  40
11  72
1  64
25  84
2  80
27  21
14  23
5  55
15  29
27  7
28  31
28  82
3  79
7  24
14  41
20  15
27  16
12  35
5  54
22  75
8  18
3  55
18  4
16  53
2  52
9  35
7  65
18  55
11  85
16  3
28  13
18  60
21  55
1  17
13  76
4  32
12  53
28  60
11  1
22  27
13  76
5  76
21  28
15  30
7  45
26  35
12  76
17  83
27  65
5  85
7  45
27  48
1  11
20  8
20  43
6  60
28  33
12  52
12  13
24  80
5  19
25  60
8  18
29  72
24  66
22  67
5  46
20  63
29  34
21  47
1  22
5  38
13  15
7  17
15  79
6  36
18  51
16  19
1  11
23  38
9  38
23  48
26  27
6  33
25  60
23  62
19  37
9  82
6  19
18  15
20  55
16  13
18  65
3  11
10  33
17  35
26  49
5  30
22  79
14  33
9  79
1  40
15  68
9  71
20  71
19  64
28  56
6  6
23  81
7  80
10  75
15  17
24  55
28  60
29  87
17  68
25  61
21  34
15  73
11  8
17  16
5  58
13  7
14  60
21  15
14  62
24  67
2  21
4  53
6  27
26  86
10  70
7  20
13  38
27  53
19  48
20  34
9  72
19  63
2  67
13  87
14  66
9  53
12  26
23  53
13  73
5  88
9  43
9  46
8  2
25  38
4  12
6  49
10  54
12  69
5  23
13  38
2  79
10  38
19  38
6  52
15  49
9  27
9  79
27  73
13  9
4  64
20  56
2  58
25  9
19  21
4  3
18  62
10  25
21  1
10  51
9  47
9  79
12  8
24  69
25  64
18  40
7  46
16  32
12  39
16  60
22  50
26  4
11  12
24  37
11  11
29  22
19  56
27  40
24  54
7  26
26  87
23  81
13  77
7  15
4  85
21  83
24  8
16  62
2  20
14  38
17  80
29  11
1  36
12  14
9  54
8  42
22  73
7  18
6  48
16  34
20  81
4  50
6  44
3  29
25  66
28  56
23  51
3  6
25  8
11  71
21  23
7  25
27  84
21  55
9  28
2  77
25  29
21  86
6  66
22  21
4  59
28  47
17  56
24  10
22  46
10  47
9  51
24  34
27  75
29  66
7  12
9  20
14  71
27  34
14  21
25  17
16  1
5  88
24  29
4  4
16  44
3  80
25  54
9  58
11  58
11  65
6  77
3  43
1  41
1  18
29  18
20  62
16  49
27  22
5  35
19  32
10  28
25  16
22  29
29  69
12  5
17  79
28  59
24  13
14  49
12  83
12  44
7  88
2  48
17  45
29  88
5  34
11  28
23  35
18  19
10  47
19  40
8  65
1  73
7  23
25  9
27  64
26  88
15  19
10  56
12  42
27  32
28  5
14  30
11  75
19  13
1  28
21  38
20  17
13  59
28  29
29  87
28  61
24  1
26  10
28  23
27  64
8  46
20  15
19  80
15  46
23  23
22  23
8  53
15  53
21  78
10  51
6  61
24  54
20  44
2  34
22  31
26  3
18  23
25  2
10  20
17  87
1  60
19  61
2  64
23  57
3  70
24  52
12  57
22  40
14  28
15  39
21  30
14  7
28  14
12  50
13  40
8  34
22  56
22  82
12  27
24  55
29  22
27  29
22  54
11  54
9  6
8  85
17  62
14  73
20  40
1  13
29  87
16  36
26  24
14  18
4  27
23  61
29  58
11  66
24  15
8  60
18  77
14  64
7  61
6  44
13  41
9  21
21  36
1  40
1  48
13  32
22  82
24  78
12  8
3  63
16  58
4  55
18  54
27  51
19  69
22  44
1  76
21  16
16  77
15  66
5  75
9  49
21  77
12  47
17  17
9  32
21  42
24  10
25  4
8  35
2  52
28  22
6  29
15  56
26  29
4  47
28  78
24  25
29  40
10  34
17  43
2  72
29  43
27  81
10  4
3  4
6  37
16  13
6  57
15  49
29  72
13  25
29  36
23  44
2  71
25  45
12  2
20  52
29  25
28  32
10  58
20  18
10  52
11  53
20  59
10  49
21  50
12  86
5  42
15  22
21  78
25  35
27  81
29  8
26  15
12  12
25  9
20  73
20  20
18  82
28  25
6  74
3  62
24  34
8  19
14  2
18  18
21  41
29  45
13  64
26  51
5  40
15  21
11  28
23  83
18  17
25  52
11  73
5  50
2  47
26  12
3  61
19  85
15  26
28  66
27  63
23  24
2  56
6  11
18  40
10  4
15  45
21  74
11  82
25  9
13  75
28  80
28  75
14  4
28  34
1  26
8  59
27  18
29  9
26  71
1  49
1  51
27  2
22  7
3  1
5  87
27  17
4  68
4  48
26  52
18  77
25  68
13  70
28  69
23  22
18  60
21  82
5  52
12  52
17  46
27  73
21  16
17  78
12  76
4  72
20  79
24  8
9  50
17  12
21  53
27  67
20  63
9  57
12  34
22  80
21  12
8  16
9  24
1  29
14  3
27  22
9  42
22  86
13  80
14  51
24  6
3  60
25  51
15  32
20  75
15  9
25  20
13  48
26  51
18  82
29  37
26  15
25  66
29  35
14  59
15  69
11  36
12  54
2  21
13  28
19  74
24  12
7  59
21  61
14  13
25  41
19  87
5  39
17  33
3  35
18  15
16  16
9  19
10  20
8  56
29  41
21  11
21  11
10  20
23  77
26  3
7  6
5  53
29  74
28  21
12  3
10  31
10  38
14  48
11  66
23  33
26  26
29  82
26  84
9  76
8  42
12  79
14  78
4  74
18  19
7  48
24  86
22  71
27  3
22  45
13  4
6  51
15  76
15  75
11  26
9  6
5  49
9  38
15  28
29  42
29  39
4  16
9  1
14  4
6  77
27  23
12  63
12  3
17  4
17  26
29  42
28  39
20  78
16  36
9  61
2  26
14  34
10  48
13  78
19  10
13  46
8  66
14  38
4  20
27  19
2  44
29  55
1  42
19  13
24  85
21  35
3  70
16  48
23  43
9  83
11  4
4  3
24  34
18  77
5  43
1  72
21  83
20  29
3  28
14  57
23  14
15  84
28  81
12  76
14  55
19  35
23  71
5  56
6  52
14  41
13  20
16  86
19  20
13  72
5  33
22  88
11  9
25  20
23  80
27  12
9  14
24  19
1  6
19  73
7  58
5  5
13  74
23  24
20  59
13  60
24  28
22  20
3  27
20  69
28  86
12  2
6  78
2  77
12  78
28  73
17  57
19  61
6  73
3  59
1  60
25  14
2  25
7  66
29  81
19  53
18  40
20  3
2  58
23  31
19  34
26  61
19  6
1  22
10  86
17  66
29  36
3  1
10  5
1  37
11  5
10  47
5  73
3  26
24  14
9  37
26  39
1  65
19  11
8  82
26  29
13  67
1  13
24  42
29  76
12  43
14  53
15  72
25  78
23  29
21  30
5  57
25  40
1  9
15  22
20  87
27  73
12  16
2  68
21  44
23  1
17  62
22  35
16  50
5  42
7  6
8  69
2  17
5  50
13  65
19  33
21  49
15  39
8  87
5  22
15  3
28  73
8  35
2  52
5  11
11  34
20  34
8  73
9  48
15  17
5  68
29  66
6  10
21  18
12  81
8  45
6  43
4  39
11  5
1  77
7  22
29  2
13  13
21  29
23  43
22  80
7  31
15  59
18  8
18  47
21  21
26  6
29  56
3  55
11  82
13  49
27  8
16  85
4  66
1  13
16  12
25  83
19  54
6  74
4  86
23  41
9  22
22  70
2  15
28  87
14  20
22  83
26  76
9  23
8  7
13  85
16  81
25  23
27  69
9  9
3  65
8  61
5  39
10  31
25  19
24  56
27  80
10  1
7  22
27  29
2  6
10  25
18  78
15  24
15  71
27  54
9  11
18  86
16  53
28  79
10  33
10  33
10  50
25  21
7  26
21  83
18  68
12  61
26  53
20  41
25  65
1  20
12  50
28  81
6  36
3  72
9  4
25  44
23  30
3  61
9  21
9  36
2  13
2  69
15  36
1  14
9  87
22  46
5  58
2  57
11  63
22  56
5  8
7  29
20  79
21  4
13  58
20  85
24  76
8  21
12  38
3  68
29  5
24  74
13  13
12  59
1  20
5  26
24  33
9  25
23  2
3  86
28  61
8  65
28  62
29  25
28  32
24  39
7  63
21  43
6  65
12  82
25  5
22  65
20  83
25  51
11  43
18  62
3  74
20  28
2  87
21  70
20  44
26  66
13  24
19  45
17  9
14  43
29  79
25  19
1  51
27  64
23  14
10  18
9  86
15  36
26  11
5  70
1  88
18  58
16  69
16  59
29  34
18  58
23  13
13  59
6  4
6  68
5  87
13  53
25  28
8  74
1  6
13  78
20  7
19  2
12  50
16  83
26  54
16  18
24  29
3  76
7  43
24  26
24  41
1  43
18  56
23  5
29  43
8  18
14  54
22  31
8  51
6  24
8  3
7  87
13  1
13  84
1  10
2  46
18  49
1  16
11  79
10  87
20  79
18  79
6  32
16  12
11  83
9  22
6  12
24  54
13  22
28  54
22  47
8  37
15  35
13  40
26  76
19  84
16  70
24  47
29  9
20  54
8  24
8  65
9  86
22  19
5  8
26  14
23  85
1  35
26  83
18  39
11  11
17  17
25  4
9  31
29  37
25  57
13  52
20  5
2  4
28  33
28  59
20  88
2  41
10  3
3  4
14  41
23  41
19  41
28  5
27  52
11  9
18  80
8  20
23  6
13  34
29  77
14  26
7  32
11  38
3  2
13  19
27  50
25  56
21  1
10  36
13  8
3  8
22  15
27  59
20  32
28  12
6  50
12  58
24  18
17  24
13  19
17  44
2  54
9  22
27  29
23  54
24  25
25  14
24  43
26  87
2  87
3  39
20  5
8  39
6  25
11  51
4  27
4  67
26  25
9  79
22  16
9  39
10  33
19  15
27  63
8  18
18  71
12  62
13  33
11  29
3  43
11  4
14  85
19  28
26  39
18  61
14  46
17  18
2  61
14  72
3  40
12  33
16  76
4  37
17  43
6  16
25  28
14  86
6  54
20  50
24  44
22  6
9  44
3  85
14  66
9  68
29  58
14  15
17  3
16  1
3  30
4  59
23  62
18  21
23  9
9  58
29  4
7  5
9  78
17  58
14  43
20  64
15  24
17  18
6  62
5  12
21  15
2  83
25  46
10  85
22  27
16  32
14  52
24  7
26  55
18  86
22  19
8  46
28  63
18  20
26  42
12  20
7  18
26  28
26  56
25  3
27  56
3  56
28  30
22  22
18  12
17  61
29  32
23  28
12  66
20  66
6  19
19  29
3  57
28  49
8  16
27  82
19  59
23  53
7  63
11  64
29  8
9  66
21  60
23  37
24  86
22  40
2  30
17  73
8  59
27  56
8  26
20  38
25  88
29  76
18  51
13  56
1  7
13  75
23  53
25  6
17  86
23  66
12  21
28  6
14  58
28  59
6  82
17  4
22  20
25  81
19  63
2  59
4  31
20  18
14  38
13  65
13  71
3  67
3  77
22  23
13  42
22  47
13  53
24  87
7  26
13  64
13  45
1  36
26  25
6  36
3  59
6  77
15  68
4  57
19  11
6  65
1  56
17  32
2  37
26  43
16  48
1  85
11  83
5  87
28  4
3  84
22  71
25  75
8  74
28  38
25  33
8  79
9  72
21  41
5  47
14  84
28  87
17  59
17  3
11  72
9  58
9  16
18  48
22  88
27  84
17  70
26  69
1  5
10  61
21  80
9  87
8  15
1  69
9  23
22  82
7  20
5  31
9  66
9  65
26  25
8  7
11  31
24  1
2  87
5  52
17  15
17  82
19  47
3  78
1  13
26  61
20  46
5  88
21  71
4  6
28  25
24  54
1  43
15  19
5  42
25  88
28  59
21  50
17  56
11  85
23  81
26  6
26  42
12  40
1  19
22  67
6  69
3  70
2  55
5  37
2  32
28  78
14  55
10  45
28  47
20  55
24  54
28  43
7  85
19  76
7  81
28  76
17  72
20  67
26  87
23  85
20  48
6  33
4  17
21  61
21  47
2  63
6  10
8  23
20  65
25  40
27  79
22  45
21  53
2  88
14  23
21  5
1  51
22  6
24  51
19  32
24  4
13  10
21  47
25  61
22  69
20  15
1  7
11  58
17  3
1  73
14  50
2  59
4  55
6  48
15  26
5  80
9  74
29  3
18  18
9  35
15  2
10  13
6  30
28  79
1  67
19  35
1  62
4  66
17  23
5  28
18  10
1  67
12  22
13  63
21  86
21  76
6  70
15  80
12  39
27  72
15  59
2  26
9  29
4  45
13  87
5  37
11  71
19  35
25  43
18  41
15  49
17  51
11  43
4  65
23  24
3  1
12  6
27  1
8  35
9  82
6  43
10  40
18  36
24  6
21  29
28  14
9  21
8  46
21  80
5  70
28  27
14  38
23  73
7  37
6  22
10  12
5  32
19  80
16  78
11  7
3  1
24  2
9  23
9  16
28  6
1  11
21  53
4  11
25  14
8  49
17  16
2  47
8  17
4  42
29  9
29  81
9  74
20  16
7  19
17  61
1  35
14  27
25  2
20  61
6  67
28  66
12  86
21  70
26  35
16  10
20  1
24  74
6  60
28  36
13  52
17  64
20  42
20  83
22  14
22  70
18  3
10  83
13  52
2  71
20  33
11  11
28  73
29  21
22  83
22  11
4  40
6  71
29  55
5  54
26  28
2  75
23  67
22  49
12  38
11  29
19  6
11  81
24  23
13  61
22  4
3  57
4  81
5  53
5  71
12  9
11  73
13  56
11  54
17  87
21  16
26  60
2  81
12  82
5  69
8  32
1  42
21  41
2  19
11  14
25  77
26  55
26  65
7  50
6  56
2  42
14  61
25  88
10  3
11  39
11  79
3  1
15  73
22  55
13  20
12  62
10  53
12  13
4  24
9  35
23  13
3  21
21  26
28  61
4  42
27  22
29  3
25  76
21  5
13  33
2  23
2  25
22  19
21  87
3  25
9  80
4  50
12  21
21  51
11  31
5  17
12  19
18  27
15  85
9  43
11  56
20  79
7  83
15  4
18  16
29  50
6  70
22  2
5  14
22  51
5  10
17  77
13  41
28  45
4  88
20  46
25  82
15  9
21  56
11  51
5  76
27  69
26  7
7  41
6  19
3  72
2  2
18  32
2  85
25  11
4  49
18  35
16  67
13  9
28  60
12  84
12  40
7  23
21  17
3  51
16  72
14  28
22  11
29  8
14  82
10  41
10  68
18  52
14  86
24  2
16  75
12  76
5  56
13  3
23  6
21  53
17  66
27  28
29  33
26  24
5  61
11  5
2  77
24  23
10  88
6  2
21  42
4  54
15  15
4  31
2  20
20  66
19  13
17  68
24  49
7  53
17  9
17  73
25  64
11  63
5  77
1  67
16  43
21  62
1  25
20  13
10  45
24  47
18  84
29  15
24  69
5  50
28  75
2  2
2  17
29  41
4  39
21  74
6  83
27  48
29  75
2  42
17  79
2  38
21  44
2  66
25  74
27  51
22  15
8  44
11  76
23  64
3  61
15  66
15  22
13  41
24  17
5  2
11  85
23  53
17  24
14  10
17  4
8  84
3  64
5  43
29  61
17  16
3  9
25  41
10  81
25  4
23  54
7  32
9  34
12  39
20  28
8  64
7  24
13  10
20  42
27  34
25  24
3  37
28  87
1  25
25  70
15  5
28  87
27  10
19  28
19  41
28  14
24  67
8  72
14  47
7  74
12  62
24  33
2  83
10  84
6  7
23  26
11  81
4  55
20  66
7  54
10  5
5  79
16  5
11  41
9  58
25  51
25  3
27  69
3  7
21  44
28  79
27  50
29  35
10  27
3  21
15  67
19  74
13  30
8  4
17  64
19  36
28  83
5  21
8  62
4  60
1  74
20  60
1  88
1  39
16  54
26  46
9  9
11  9
23  5
28  50
20  87
21  19
15  27
19  88
29  49
20  7
3  26
5  28
9  1
4  41
18  37
15  59
11  75
4  15
9  72
26  59
2  76
12  50
26  81
11  71
8  3
11  75
2  18
29  17
7  34
23  6
26  52
29  14
5  77
5  81
7  60
18  85
2  9
15  61
15  81
22  47
2  46
28  76
24  35
4  88
17  5
10  9
25  5
26  44
6  75
2  34
18  76
4  42
29  84
9  9
1  6
3  76
15  23
7  46
4  75
1  61
23  88
11  70
3  71
23  33
11  1
18  87
20  5
19  39
21  7
21  49
2  61
10  50
16  27
5  86
29  6
29  27
14  77
27  1
28  36
2  56
16  3
13  59
1  67
13  32
16  56
18  49
2  1
24  20
11  52
29  70
26  87
28  7
29  42
12  39
29  80
23  87
6  61
13  65
17  9
1  17
25  9
2  69
6  31
11  40
10  80
25  44
7  83
9  69
14  74
22  83
27  32
19  16
27  67
25  8
6  75
17  5
21  40
20  18
15  34
14  64
11  65
5  20
25  61
29  25
8  8
18  2
11  40
18  48
8  1
13  81
1  6
13  10
1  8
23  51
4  55
14  48
20  21
29  81
3  10
16  23
12  74
4  22
18  67
11  42
22  43
13  82
16  38
21  58
29  4
24  4
10  41
2  86
8  62
16  79
12  54
29  2
22  51
26  61
29  14
20  36
21  69
5  22
3  86
24  17
11  74
4  82
16  37
29  4
22  18
17  74
24  4
22  24
25  54
16  58
10  36
5  80
5  27
25  74
26  19
14  61
21  53
18  16
19  55
13  24
18  44
18  54
24  32
5  43
11  1
7  2
27  18
1  3
16  57
1  56
3  32
26  8
4  49
26  26
22  10
9  83
10  23
12  24
6  39
8  63
22  39
3  64
2  59
18  9
25  59
19  78
20  34
28  80
18  9
8  60
4  26
3  4
29  1
14  3
17  28
21  42
23  28
15  8
21  4
5  70
2  21
13  79
3  12
25  15
10  27
15  27
1  4
8  22
26  53
10  12
3  20
11  70
23  60
14  6
2  48
28  45
10  68
29  80
8  19
13  49
19  74
14  34
5  60
17  28
20  87
22  45
14  59
12  48
11  43
19  47
16  36
1  19
27  2
15  84
28  18
19  60
7  34
24  37
27  13
19  51
26  82
27  12
27  36
14  36
23  69
8  61
21  35
18  28
24  60
17  47
6  38
12  66
17  7
29  57
11  43
20  79
11  12
8  12
5  20
13  46
25  62
5  63
24  42
23  28
20  39
14  37
26  42
2  16
1  29
18  32
15  19
1  43
4  24
16  34
9  86
19  65
25  26
12  22
2  20
11  30
25  29
2  35
17  35
11  66
18  72
27  56
10  33
6  37
10  10
17  25
17  63
23  10
15  13
19  80
21  78
22  40
21  19
27  4
21  69
3  11
18  84
25  85
26  24
26  63
5  86
17  29
9  74
16  53
6  27
10  72
11  44
7  12
3  22
7  20
5  51
24  9
15  61
7  57
5  85
16  22
3  40
11  2
12  84
19  38
11  32
7  82
15  57
27  55
13  80
20  32
23  49
4  6
22  55
21  74
13  19
15  30
11  12
7  77
29  16
29  73
5  80
8  75
11  17
8  60
15  39
16  66
28  20
14  7
1  6
24  36
13  31
16  82
1  30
10  17
24  19
24  73
1  79
25  54
11  65
14  81
2  85
22  32
8  56
24  40
10  31
12  33
14  76
29  16
6  50
11  34
29  88
7  19
7  17
14  55
18  77
19  32
14  24
29  22
4  32
17  12
17  44
9  87
18  63
13  18
12  44
4  4
16  68
2  43
2  82
25  42
26  40
2  6
14  3
4  6
16  48
13  41
17  82
11  9
9  20
21  5
3  64
1  68
13  26
29  13
23  63
29  68
9  7
4  39
21  65
16  54
28  30
9  65
25  21
8  27
5  46
6  20
27  10
1  13
15  87
14  60
4  82
22  80
5  5
10  22
21  72
10  9
22  83
29  73
15  42
4  26
22  57
13  13
21  14
18  43
3  23
10  54
8  48
26  50
28  87
8  40
22  11
15  52
17  30
17  20
16  67
15  33
14  26
14  10
7  9
26  35
25  13
9  37
15  6
4  7
4  64
15  34
22  85
7  34
3  48
12  16
22  53
19  84
25  85
6  88
29  29
11  40
14  69
22  13
2  62
27  57
12  69
3  61
16  20
29  63
8  48
7  55
29  29
13  23
26  37
17  3
17  87
9  30
14  52
19  28
9  69
22  30
29  57
20  16
26  43
22  23
22  79
2  78
12  21
28  87
4  46
29  30
10  4
11  25
16  62
23  4
15  40
23  82
11  49
5  14
29  62
10  70
6  44
24  17
20  42
13  7
11  77
4  15
12  46
22  22
6  78
22  51
17  9
9  72
18  8
22  50
2  73
9  81
1  41
23  27
6  17
4  11
21  62
10  16
8  42
7  32
23  65
4  35
4  38
25  11
20  75
6  81
12  23
9  19
15  58
12  17
23  68
12  8
15  12
11  38
24  77
11  67
23  42
5  40
10  49
23  2
3  6
1  23
6  14
8  73
3  60
10  72
8  65
27  41
17  52
9  68
15  73
26  68
23  53
3  80
7  72
16  6
25  83
29  47
24  17
20  6
10  50
4  65
21  43
5  42
20  41
26  40
26  43
25  30
29  80
6  45
15  30
14  37
22  49
26  14
28  20
19  22
12  10
20  75
7  77
21  63
9  8
15  12
29  48
14  61
14  44
24  36
28  30
23  18
27  74
8  57
16  3
14  5
11  21
10  73
18  29
1  37
10  20
6  5
28  26
6  69
22  80
25  17
9  30
7  1
11  35
15  50
20  42
27  15
22  1
4  70
2  78
24  63
23  18
29  87
6  63
5  27
5  70
26  16
10  48
3  79
20  71
18  77
6  13
9  33
28  82
25  71
17  3
24  17
29  53
27  53
16  18
20  50
28  50
18  36
14  26
3  71
17  34
22  8
27  80
3  54
21  43
10  24
18  50
6  40
8  10
21  69
29  14
19  30
7  65
25  74
21  87
25  53
13  65
18  45
13  64
9  3
6  1
17  76
19  38
10  55
16  21
29  65
23  73
24  36
24  14
11  30
9  75
2  78
29  48
14  49
12  15
8  58
18  15
5  1
4  74
28  66
9  65
13  22
6  38
18  7
10  54
8  60
20  2
11  76
4  66
13  48
14  42
4  1
16  81
27  9
8  36
6  45
16  42
21  40
9  56
18  75
9  5
26  47
20  47
2  53
22  4
16  77
14  85
1  20
21  53
15  33
9  87
2  13
29  61
26  66
14  85
20  36
5  38
4  69
25  80
18  85
19  41
15  38
28  12
25  61
25  61
22  28
9  31
29  53
9  78
22  17
25  56
12  15
7  53
29  32
10  72
28  78
26  78
11  53
10  84
2  74
22  5
22  48
4  64
13  17
13  8
6  65
23  5
18  55
7  71
8  45
21  35
8  14
2  47
1  71
17  87
10  6
18  34
11  47
29  78
7  46
26  55
22  86
4  7
28  40
6  16
3  23
7  61
17  32
7  86
5  56
1  74
29  77
11  55
22  14
23  77
14  31
7  88
18  68
2  76
9  62
25  75
9  52
1  34
26  65
10  34
8  11
3  58
22  12
11  65
9  57
22  41
29  72
7  39
9  86
23  47
7  78
16  21
12  54
29  22
12  20
10  53
3  13
7  81
22  6
20  3
6  84
1  14
22  61
16  7
21  17
3  20
8  83
10  81
15  34
27  53
27  21
29  43
28  19
24  45
1  79
10  82
12  2
1  88
28  19
19  21
20  49
21  15
21  18
21  12
3  20
10  19
7  8
22  1
25  62
22  40
20  52
12  82
15  80
1  51
8  45
19  12
6  42
3  52
24  13
14  49
6  7
9  60
23  65
28  75
3  69
21  16
27  39
1  86
21  50
6  67
10  7
28  25
9  64
22  47
15  82
21  61
15  65
27  61
19  85
13  76
12  26
2  31
20  54
6  75
13  36
19  68
6  61
5  79
9  14
8  52
10  12
5  43
18  36
25  24
28  87
4  32
17  59
27  27
19  5
13  4
6  49
9  19
29  60
25  3
22  1
1  63
16  32
23  24
7  37
22  66
8  76
17  45
22  2
2  78
14  54
23  29
2  7
12  74
5  87
19  49
28  5
21  68
29  73
6  80
26  88
23  55
5  79
15  28
3  11
12  78
29  79
1  67
20  8
4  62
10  66
8  12
7  78
29  31
14  83
17  5
28  32
8  27
7  28
10  75
8  76
28  38
14  75
24  2
16  65
10  11
10  34
18  80
24  79
13  61
14  2
20  86
1  26
3  51
6  63
5  6
26  71
10  81
8  47
3  29
12  13
5  70
14  26
6  82
4  61
6  56
4  18
18  85
27  66
26  73
28  44
23  64
5  17
20  77
12  78
21  57
20  50
23  49
11  86
8  22
11  4
20  85
23  8
24  30
1  84
16  82
9  56
8  70
12  70
8  37
6  44
18  41
5  74
27  82
13  51
3  31
14  80
12  24
26  40
24  63
11  44
15  59
19  54
25  68
27  74
26  69
25  37
25  50
7  74
8  75
25  59
17  17
4  85
23  30
8  76
4  9
17  77
9  14
7  19
4  68
29  48
3  72
27  53
1  88
12  54
26  41
21  84
4  41
8  30
25  57
5  26
16  2
22  44
2  25
16  1
20  77
19  54
9  4
18  25
19  69
24  33
26  73
23  50
14  51
7  24
18  54
2  5
3  46
3  5
13  14
4  38
18  57
8  54
21  20
10  60
19  40
13  17
21  5
2  39
19  66
17  7
5  26
19  49
5  88
28  76
23  43
26  69
10  76
21  12
10  52
23  27
24  75
7  24
4  3
29  17
7  75
23  7
9  71
17  35
4  77
25  84
8  58
4  51
12  35
11  46
1  64
24  9
20  2
22  83
12  14
22  75
5  57
9  83
13  83
8  69
16  32
26  67
14  9
2  11
11  34
5  70
28  44
8  74
21  58
19  21
24  49
25  74
3  33
24  32
28  16
29  37
8  38
6  59
22  51
26  25
18  36
25  26
18  28
17  2
28  23
6  36
15  26
6  32
24  54
21  50
24  28
23  15
11  10
24  73
9  43
29  1
18  45
10  19
24  28
2  85
24  28
6  50
10  35
8  43
25  5
24  69
14  49
18  22
22  33
9  24
22  63
4  8
4  82
21  32
14  48
18  48
20  6
15  52
2  26
22  15
22  65
20  77
22  69
27  46
16  86
14  38
18  58
27  41
3  79
22  68
25  52
3  22
20  32
5  38
24  10
29  86
8  7
25  77
16  82
4  35
23  30
4  5
23  79
21  56
6  7
16  66
12  4
15  60
19  86
20  75
20  15
11  62
21  67
8  74
13  54
21  17
28  29
20  26
3  52
8  73
3  23
27  87
26  20
18  12
25  6
28  73
16  68
15  66
3  48
24  56
7  4
16  21
28  46
27  17
29  20
14  73
18  18
14  55
25  81
3  28
19  33
3  66
11  31
5  87
6  26
20  35
25  39
4  26
23  85
19  45
23  75
3  75
2  53
2  13
3  21
24  24
4  14
6  51
29  67
19  79
3  14
22  78
28  37
21  45
13  47
10  67
21  13
19  36
10  35
7  87
26  37
7  66
14  38
11  7
8  28
29  16
7  24
13  23
18  33
24  56
22  32
7  55
29  78
6  22
6  49
20  31
1  29
23  88
20  32
14  60
4  14
7  78
29  83
8  64
29  39
8  25
11  43
22  61
13  18
27  39
1  34
10  66
29  34
5  77
8  61
2  20
24  13
3  83
28  59
1  78
2  19
8  83
17  76
7  41
8  68
15  18
21  51
2  20
10  38
7  45
1  84
5  76
26  53
22  53
15  30
2  60
7  72
17  83
29  9
24  62
3  2
29  60
4  31
7  72
26  14
22  29
24  79
8  16
22  26
25  47
2  13
13  32
22  44
15  76
29  3
16  58
24  32
9  23
22  51
10  51
28  79
24  64
5  82
1  68
2  64
14  69
25  70
12  60
10  74
24  82
25  64
25  31
16  48
2  17
11  35
12  9
22  51
9  2
20  18
27  43
5  3
16  20
23  13
14  29
28  78
15  41
3  76
26  25
7  79
2  6
16  18
4  6
15  24
3  56
25  83
28  26
22  55
20  39
9  61
2  87
25  36
25  14
5  82
24  86
20  41
22  64
26  68
9  78
17  16
13  12
3  56
29  29
6  72
27  26
4  83
6  29
25  32
23  4
8  23
2  8
27  50
26  53
23  70
24  36
9  1
8  12
25  5
5  8
1  18
19  50
16  11
28  4
2  6
15  87
29  79
13  29
16  30
25  24
25  28
24  38
7  61
27  52
24  55
28  79
19  34
22  1
17  7
23  88
8  10
27  11
8  20
15  14
22  81
3  22
13  49
2  38
12  50
14  14
19  10
4  53
13  50
15  5
16  54
23  77
12  41
18  69
7  5
13  66
2  56
14  81
2  34
2  80
19  19
13  32
13  81
6  39
29  39
20  2
21  18
20  63
14  37
24  40
18  52
15  52
19  53
20  15
8  18
23  58
11  83
9  61
12  25
20  41
3  45
29  66
22  55
19  57
6  83
14  56
24  37
12  7
4  69
25  60
20  22
25  22
10  40
2  58
22  21
9  70
29  81
25  67
22  74
25  25
1  15
16  26
8  61
11  24
10  21
15  58
13  81
13  65
19  45
12  66
18  18
21  68
12  53
7  40
11  79
21  33
17  37
8  57
1  40
18  51
4  23
27  71
15  40
4  7
5  61
9  1
24  59
4  69
10  30
4  86
14  81
12  77
4  58
9  33
18  41
2  11
6  72
20  6
10  14
23  68
9  6
11  67
9  45
19  70
21  41
10  8
26  12
15  83
3  32
23  30
5  68
9  6
4  85
25  11
2  72
6  67
5  27
14  52
19  35
22  67
6  80
5  34
14  61
9  61
9  60
14  5
8  31
4  78
22  32
22  3
10  1
10  34
26  32
10  81
3  34
7  47
16  41
20  56
24  64
15  48
28  3
29  57
19  67
21  72
3  31
8  17
8  70
28  59
11  25
19  45
13  54
29  48
8  38
14  79
26  48
17  32
25  39
2  54
10  78
23  32
18  4
11  25
28  11
4  26
28  66
17  69
3  66
3  16
29  37
25  81
3  66
24  9
15  69
1  25
11  52
5  25
28  53
3  24
17  43
5  53
9  47
14  20
10  34
14  4
6  32
22  45
20  73
13  78
26  50
29  29
23  8
10  48
26  28
21  24
7  34
4  30
15  52
24  30
3  59
18  47
11  37
12  76
4  10
4  13
6  24
28  38
1  79
21  57
22  71
14  24
29  77
20  66
22  13
27  31
20  81
24  39
16  31
12  20
13  32
22  32
19  29
8  24
26  84
4  80
12  33
13  81
22  24
18  5
28  46
23  27
9  39
11  70
26  81
15  64
28  80
9  28
4  75
9  56
2  68
23  17
12  53
11  17
8  54
25  43
22  83
13  71
2  9
17  17
24  33
8  36
25  69
9  84
20  56
4  81
16  27
22  7
16  25
23  10
24  11
16  15
27  24
23  14
11  4
9  76
29  10
5  37
11  60
27  30
15  7
4  31
29  28
13  71
23  40
28  19
3  85
3  7
18  1
20  53
27  36
26  74
22  40
11  5
13  1
25  84
28  67
6  71
5  67
6  53
11  22
4  13
19  61
27  85
28  26
14  38
27  84
14  65
2  62
6  50
23  47
22  27
10  74
20  52
13  53
11  61
11  14
20  78
18  82
11  78
6  31
17  7
12  65
26  67
3  74
16  72
4  82
19  14
6  47
12  58
25  21
6  19
4  46
15  17
20  85
26  53
7  53
10  36
26  38
22  45
6  31
19  18
22  87
7  43
24  13
16  61
19  88
5  42
1  1
10  66
8  53
15  56
23  38
1  71
27  40
8  75
4  17
2  76
1  58
19  36
18  18
26  42
22  2
16  79
2  19
8  46
9  3
5  33
13  15
26  70
22  18
1  8
21  60
22  34
15  14
6  62
26  65
9  60
23  6
17  54
9  40
7  24
24  54
10  45
6  52
27  12
3  81
19  73
25  76
12  88
17  71
27  61
29  38
4  47
27  57
19  43
11  52
3  28
9  64
22  55
18  58
11  29
25  73
12  50
3  69
29  35
8  75
23  77
4  37
11  63
23  54
28  73
11  67
13  54
29  37
10  13
27  3
21  78
15  13
7  55
24  11
18  86
12  43
19  1
5  10
17  33
2  2
21  77
19  17
10  75
22  82
22  17
21  45
28  26
18  73
10  28
4  50
12  30
29  29
10  78
12  25
11  80
29  16
24  67
5  42
10  70
10  74
20  40
12  74
9  61
3  10
28  28
12  14
24  61
28  29
14  80
20  13
28  81
9  68
1  23
12  58
17  67
12  58
18  70
26  79
15  20
14  84
26  44
1  35
28  25
9  62
6  3
28  84
25  46
20  12
22  5
29  13
26  87
26  86
3  87
8  65
21  57
23  58
12  8
9  37
12  77
27  29
4  18
27  25
28  5
23  2
26  88
26  31
13  69
8  9
19  46
13  35
23  50
27  72
11  28
4  32
1  14
25  14
9  11
26  25
17  41
16  2
18  85
15  29
19  49
29  8
26  72
25  80
2  11
23  51
14  20
1  65
23  55
3  19
10  8
19  54
11  55
16  65
20  80
10  25
11  15
11  6
22  57
10  14
29  70
29  15
14  51
13  50
7  52
7  19
15  86
4  85
2  82
24  74
12  85
15  24
20  44
19  39
29  29
26  47
29  65
10  87
17  54
25  16
25  49
28  64
14  40
26  50
4  38
2  58
24  47
23  86
12  35
10  57
18  80
26  41
11  39
13  72
6  9
19  15
11  27
14  62
14  4
19  49
19  7
10  61
7  3
28  24
18  80
12  53
11  29
4  87
19  53
20  21
14  72
10  44
19  37
2  50
11  4
23  62
10  25
16  38
17  78
2  64
24  72
15  18
20  1
13  52
20  46
13  19
8  38
9  9
7  75
6  80
7  61
17  46
13  25
8  57
4  73
11  67
20  86
2  65
18  40
21  22
16  54
4  29
3  48
17  67
7  73
14  3
8  3
20  27
10  43
22  59
27  35
3  46
1  70
18  73
24  6
8  24
10  65
11  24
3  74
25  87
28  44
25  87
19  17
21  34
10  33
18  88
28  86
2  43
4  4
20  19
4  30
12  22
1  51
13  55
11  48
10  71
10  31
26  57
14  85
22  63
7  57
26  35
20  87
7  40
16  69
6  30
8  13
16  28
13  1
7  23
19  13
28  1
16  86
17  77
26  1
9  55
22  70
25  1
27  2
12  63
1  76
27  68
23  87
20  37
2  46
19  68
5  15
4  39
11  70
19  14
4  34
14  76
1  28
26  37
24  35
19  30
25  69
9  49
11  8
2  15
11  55
2  56
10  40
8  15
15  58
15  33
23  19
8  76
21  88
11  3
18  70
14  55
18  12
12  66
19  28
23  29
2  15
1  2
7  21
18  83
26  78
22  65
1  74
27  49
12  44
6  33
11  38
29  40
6  46
18  59
24  70
10  59
29  50
2  12
22  82
5  25
16  38
22  43
2  1
27  9
24  63
28  40
13  72
16  27
27  46
9  39
8  67
6  61
22  68
5  11
23  34
2  76
24  23
27  34
8  5
1  62
26  50
28  23
24  24
19  86
2  9
19  50
29  23
17  23
1  65
22  74
2  42
25  31
16  52
14  11
25  74
19  30
21  83
22  72
9  73
12  28
5  57
2  9
14  30
27  37
27  6
8  13
28  70
5  16
24  25
10  26
6  60
27  27
1  61
18  47
25  81
13  65
17  44
23  64
20  51
10  68
27  6
26  41
14  50
7  66
5  43
16  57
12  30
14  83
24  52
1  57
29  2
2  48
23  77
29  26
14  84
20  30
8  78
13  58
22  50
21  41
7  5
7  31
25  45
22  40
22  76
2  17
24  9
8  31
4  57
26  4
14  35
27  48
15  24
6  27
3  41
9  32
6  27
9  22
7  21
14  32
23  82
25  28
18  34
25  73
27  19
26  17
17  45
14  86
2  10
25  73
4  36
8  77
2  17
26  74
7  50
17  46
24  49
4  6
27  64
3  18
8  87
22  14
29  53
17  20
10  8
23  79
16  39
3  43
7  36
5  80
3  63
25  30
1  46
17  2
12  9
23  30
26  65
15  62
5  56
9  22
1  12
2  50
18  54
28  70
4  63
21  12
18  33
19  35
6  59
6  52
28  71
26  88
15  62
23  86
3  35
8  9
21  52
24  5
16  68
1  34
13  62
7  1
20  69
9  3
27  22
21  49
6  7
21  14
4  81
20  17
10  88
1  79
5  27
25  29
28  31
25  35
10  30
11  44
17  20
25  65
3  18
6  85
1  84
17  27
4  86
19  60
9  43
3  45
14  61
14  14
19  49
27  29
19  1
28  80
21  45
14  17
22  4
11  27
10  84
15  83
13  17
24  19
7  42
25  88
10  87
11  66
16  70
20  76
5  13
11  73
9  82
25  47
14  79
26  8
8  81
22  66
14  39
17  1
15  87
27  82
24  4
29  56
17  36
1  28
5  22
6  21
23  17
25  23
27  55
15  39
21  80
9  68
17  67
11  50
29  63
16  57
18  48
22  82
2  29
5  73
12  38
15  85
20  20
21  69
17  88
11  69
22  5
16  6
17  17
18  35
23  6
4  87
8  8
11  28
7  55
10  31
16  27
21  72
17  31
16  61
5  79
17  13
7  75
24  18
25  30
24  24
24  40
18  58
21  54
10  27
26  20
2  50
4  65
20  63
2  64
19  3
29  55
16  36
27  40
6  53
24  29
11  76
26  16
17  68
4  8
5  27
19  40
16  46
28  50
19  1
19  1
16  3
22  84
29  29
29  38
6  43
21  58
29  11
17  75
21  59
19  42
20  79
9  81
23  48
1  68
11  32
26  15
19  33
26  18
5  61
9  34
4  88
5  73
2  66
24  13
23  33
18  62
1  36
2  81
15  42
12  66
9  16
10  78
1  49
20  30
13  79
17  23
11  72
15  71
21  29
14  50
6  28
15  26
22  85
25  45
5  73
27  40
12  62
8  66
17  63
16  59
11  16
14  43
29  80
19  63
29  23
19  62
8  7
9  41
29  39
21  49
7  65
11  3
2  53
4  62
3  63
6  53
9  36
15  24
7  10
29  37
12  69
19  4
17  53
9  8
8  5
9  49
1  39
27  54
25  66
4  87
8  21
14  65
12  46
29  75
2  27
25  46
9  2
22  41
2  60
26  26
19  28
4  40
3  21
5  21
4  57
5  49
14  78
19  42
2  50
29  80
26  56
20  20
1  59
17  9
26  55
13  67
25  15
19  27
9  8
3  12
15  85
27  40
1  36
9  44
16  61
22  75
26  3
23  13
6  51
9  8
18  10
29  79
27  35
21  38
29  13
7  8
26  18
1  16
14  36
16  75
26  11
21  71
4  82
9  37
29  15
22  33
24  32
9  2
15  11
8  13
28  54
14  60
26  62
21  36
27  11
5  20
5  47
13  33
13  31
2  23
27  50
20  57
6  7
17  49
17  44
26  20
28  25
5  4
19  10
9  1
17  35
3  50
6  54
7  13
3  24
11  38
19  1
15  52
22  26
5  47
3  9
22  46
27  8
16  21
7  76
7  27
14  73
25  65
9  43
17  55
23  47
21  73
25  88
6  62
5  37
23  49
16  71
25  48
18  9
14  82
18  80
17  86
9  58
9  54
28  75
28  58
10  26
15  33
28  26
5  51
4  60
22  66
5  34
5  46
24  62
20  79
4  1
20  5
8  32
7  12
27  1
13  20
19  35
6  20
20  59
10  86
18  27
26  62
11  77
23  12
4  21
10  33
6  52
25  13
29  41
23  47
26  18
15  31
18  64
7  85
20  48
1  28
15  62
6  49
13  44
17  21
18  65
28  66
10  12
7  35
2  7
28  51
17  25
29  87
1  28
16  48
4  21
24  25
9  17
10  79
5  4
26  54
19  29
10  24
4  6
2  8
28  64
28  13
24  67
27  18
18  2
18  2
7  21
7  73
24  32
15  5
3  33
2  83
2  79
27  14
22  30
1  35
20  78
2  48
19  19
24  75
24  24
17  38
12  69
21  55
19  15
27  30
9  38
27  48
12  18
28  65
29  86
9  22
9  87
18  32
23  78
14  21
27  57
10  88
29  24
26  17
17  10
4  87
25  56
18  73
6  17
22  60
8  21
16  86
12  46
25  74
1  40
20  61
8  1
28  21
29  2
2  25
20  70
28  42
20  34
21  9
24  26
22  3
3  29
26  71
7  86
25  1
21  68
25  46
29  19
26  63
28  49
6  35
21  5
5  53
21  1
12  21
6  88
12  82
4  10
23  45
9  29
8  33
22  46
17  22
17  21
2  44
11  6
28  45
15  28
7  4
26  48
7  81
10  47
3  22
10  9
17  4
1  70
25  78
11  35
19  39
6  34
21  56
15  56
23  57
22  71
29  9
3  12
15  41
5  43
5  10
7  78
3  39
13  53
2  13
12  55
14  46
10  86
27  77
5  9
11  85
8  82
8  74
20  56
2  8
4  32
8  74
27  12
6  3
22  53
20  81
11  21
25  55
21  21
2  41
8  13
29  18
6  58
16  42
19  73
22  36
23  82
25  59
22  88
24  20
18  36
22  54
15  57
17  6
29  43
18  7
6  49
12  87
6  49
3  21
29  18
6  63
29  13
12  56
20  45
4  53
15  29
4  40
9  64
6  38
12  44
10  28
25  72
3  15
15  69
6  80
4  8
17  6
29  85
6  29
20  47
22  44
26  20
28  84
9  70
2  45
11  28
6  19
4  23
16  69
2  16
17  54
18  7
7  20
1  86
21  22
10  4
3  19
17  77
14  69
15  22
11  77
19  39
28  8
19  26
23  38
24  39
25  51
7  42
8  15
23  4
21  8
12  69
23  39
21  84
21  64
1  13
12  82
4  17
16  79
25  20
11  30
1  55
3  4
16  5
17  49
27  27
9  70
13  81
10  20
2  5
24  87
25  14
9  66
29  54
28  52
13  65
11  65
18  26
27  59
15  37
12  79
18  7
2  28
19  1
1  61
22  60
21  16
13  14
26  15
9  2
15  12
10  70
18  66
17  22
29  70
28  38
14  36
10  68
25  14
16  20
19  16
22  45
6  30
7  25
16  54
7  81
19  26
3  55
19  54
12  69
14  49
27  59
11  38
6  38
18  65
26  44
21  71
4  36
2  22
6  73
27  75
8  48
11  83
24  15
13  17
3  21
18  30
6  1
18  71
19  34
29  88
4  61
29  38
27  29
9  11
23  21
19  26
4  33
28  10
11  35
12  47
28  1
17  11
7  35
18  52
1  66
26  72
3  44
4  83
27  44
13  49
28  31
17  63
19  9
17  59
25  86
8  20
20  44
21  43
22  53
5  49
9  35
17  19
20  52
17  33
17  61
25  4
9  3
15  21
20  45
13  74
20  68
3  67
6  84
17  19
5  45
28  2
25  82
3  71
19  10
8  59
12  37
22  17
13  38
12  1
20  47
10  35
18  83
4  57
20  36
25  62
21  36
19  50
23  65
29  87
2  42
24  78
22  62
5  66
18  36
28  63
11  28
7  67
5  68
5  66
13  56
19  40
8  41
28  30
13  53
4  16
13  71
9  54
4  45
9  86
2  64
16  74
26  1
29  13
15  30
14  1
11  11
25  53
5  30
10  50
19  19
9  68
19  46
4  54
20  54
25  30
27  78
13  88
29  8
8  22
11  3
26  20
17  59
25  73
12  39
19  50
27  13
29  41
10  2
22  75
12  54
2  24
22  83
10  75
19  23
15  88
25  39
5  45
13  11
7  9
26  65
21  66
6  73
20  59
1  23
19  66
6  31
10  87
10  67
2  80
15  48
6  25
22  31
20  65
3  7
13  88
12  79
6  37
6  25
4  84
21  82
4  12
11  23
13  7
25  41
11  74
29  9
13  68
29  70
29  12
4  35
12  75
9  14
13  48
27  11
26  34
5  7
26  80
20  80
27  53
26  34
27  79
17  84
29  6
12  25
25  2
13  83
13  53
24  66
7  39
14  73
16  56
14  49
8  17
3  7
18  75
17  81
15  49
23  63
2  74
21  52
18  70
8  3
8  18
4  22
29  86
25  1
3  59
13  85
16  66
27  1
5  72
5  67
25  5
20  60
1  12
14  18
6  21
10  15
27  46
6  30
1  32
12  14
28  5
24  78
1  32
25  64
22  37
16  43
15  87
13  17
7  8
16  71
18  11
6  51
1  61
15  63
4  26
19  11
1  52
13  41
22  63
15  10
14  8
20  46
15  11
10  17
27  11
19  57
12  60
27  19
8  28
9  45
29  64
19  6
26  20
16  2
7  66
28  50
22  52
15  24
22  68
16  71
29  48
10  65
4  83
21  35
28  6
20  3
25  14
1  26
12  47
8  44
10  7
5  59
8  85
20  59
22  23
25  65
15  43
16  53
10  37
25  63
6  56
24  46
23  64
19  66
7  83
25  59
13  64
6  43
10  63
24  14
3  72
11  58
12  8
6  1
2  86
27  51
20  76
26  1
1  41
24  76
13  43
7  84
20  74
8  77
10  71
10  3
16  43
12  14
19  12
14  32
14  10
10  75
26  16
19  49
20  14
17  75
6  60
22  74
18  16
17  44
18  32
6  86
22  84
3  81
28  66
8  55
4  5
17  36
28  72
26  41
21  11
27  11
24  88
18  82
26  40
21  54
7  23
7  20
16  14
27  46
18  23
7  9
22  2
19  32
2  30
22  78
20  4
10  80
6  45
1  8
17  60
19  22
1  70
9  81
29  6
18  11
21  77
3  19
12  78
18  12
18  72
27  3
4  84
9  54
8  63
20  15
6  33
8  80
5  3
9  80
12  56
9  51
5  74
22  72
15  85
22  44
2  65
3  69
28  81
21  57
29  24
7  60
16  35
28  7
2  49
13  22
4  8
7  82
14  9
29  21
9  11
11  37
20  85
28  23
12  61
28  21
9  78
15  34
11  22
27  65
15  53
4  62
1  81
25  12
19  87
3  86
26  60
22  65
25  41
8  70
16  77
2  62
14  52
17  5
2  69
12  41
25  34
27  36
25  16
11  5
21  86
7  22
28  67
18  46
29  80
8  62
10  60
23  72
8  6
22  35
4  61
8  19
24  44
7  86
7  9
4  65
21  52
28  73
25  61
19  46
16  70
28  18
21  48
3  79
2  49
19  13
29  34
27  51
7  31
2  61
25  16
16  68
9  45
5  20
22  14
26  31
29  88
28  38
13  3
20  7
16  8
23  50
20  24
17  53
25  72
9  88
2  41
20  67
29  59
4  11
9  1
16  75
27  72
18  15
9  74
11  4
12  79
4  11
9  51
12  77
28  66
8  49
4  23
7  8
2  36
15  33
29  12
20  64
10  20
18  41
4  41
28  66
6  35
28  39
25  6
28  63
8  57
20  36
17  87
6  64
28  19
5  58
9  17
14  8
2  24
21  87
18  43
6  29
9  78
6  16
8  46
13  23
22  65
12  62
28  37
7  15
27  45
21  35
29  77
10  73
24  70
8  85
28  45
16  2
19  54
5  42
5  23
9  41
12  87
5  10
24  5
18  81
4  84
20  88
14  4
10  77
27  12
26  17
22  11
14  19
10  7
25  2
6  5
22  81
8  62
9  61
15  50
27  83
4  78
14  20
22  81
9  66
4  21
3  4
9  9
23  77
14  83
24  3
25  51
3  52
4  50
17  75
12  81
11  79
2  47
5  28
22  58
19  67
6  70
19  36
9  43
3  45
19  48
17  18
21  38
15  76
6  24
25  39
20  86
2  2
3  81
10  67
10  81
6  59
27  18
17  21
13  52
4  13
3  1
15  75
25  50
16  86
14  67
1  61
17  69
1  33
9  26
5  86
15  19
23  16
6  45
23  51
23  82
15  34
21  27
18  81
23  67
16  38
26  39
22  2
24  66
18  54
18  69
10  24
28  35
13  37
9  3
16  48
29  31
21  49
11  9
4  1
17  76
11  33
7  32
5  2
26  72
3  71
12  54
21  54
26  79
10  62
25  48
19  11
11  15
22  4
24  15
2  30
14  67
12  17
20  27
3  32
8  12
11  78
13  74
25  68
25  9
16  63
28  49
3  62
10  8
3  9
1  57
20  68
18  34
14  35
25  3
23  80
15  74
18  65
10  4
29  36
8  70
20  44
26  9
15  85
13  60
13  58
23  20
23  1
10  78
14  28
15  28
10  8
29  6
22  26
29  32
21  53
27  58
4  48
19  29
2  13
28  48
25  13
4  58
28  38
25  11
29  78
11  11
12  57
4  12
17  7
9  43
5  17
20  16
22  65
13  80
9  33
12  56
5  28
17  58
20  73
13  36
29  7
25  59
4  74
26  39
25  42
5  16
9  84
3  14
17  42
4  14
23  14
26  8
12  29
22  5
15  6
4  70
23  41
23  64
19  52
22  68
11  41
25  51
7  3
21  14
1  39
12  51
6  80
3  51
25  59
6  33
18  1
11  29
19  82
29  22
21  70
12  23
16  22
28  24
15  18
5  13
3  60
9  59
25  42
7  79
1  25
21  9
21  52
21  5
24  12
12  82
27  50
29  83
9  55
23  76
15  68
23  39
28  46
23  83
16  73
10  6
20  45
11  25
12  6
5  66
9  45
14  79
23  52
8  62
13  23
16  41
17  14
22  71
15  39
3  46
16  40
7  52
11  34
18  30
13  73
19  55
12  7
25  41
11  17
11  66
1  18
9  6
13  59
21  26
18  52
11  81
26  75
15  39
24  43
23  18
9  41
17  49
1  88
24  53
3  20
18  4
6  67
1  68
21  72
16  28
13  33
2  54
12  32
24  25
29  38
3  60
3  11
24  28
20  43
19  54
16  2
22  16
10  24
15  25
13  72
3  17
5  2
8  59
16  80
11  8
17  54
14  5
8  42
24  12
4  75
26  48
25  71
10  81
20  44
28  8
2  72
14  45
19  27
27  28
8  2
4  85
14  63
15  3
25  83
9  52
6  38
21  55
2  38
7  77
4  43
4  85
29  59
23  43
27  17
5  75
10  23
14  31
19  29
18  81
26  74
12  50
27  7
26  56
23  35
19  86
28  49
22  37
20  14
13  80
6  22
1  6
19  54
3  9
9  52
16  83
20  50
25  72
20  50
18  54
7  19
28  73
3  82
12  3
25  12
10  8
23  15
14  48
26  65
4  78
1  8
17  21
9  16
24  27
13  59
28  69
23  34
21  33
24  2
17  3
10  42
14  39
17  1
14  77
10  60
21  67
25  37
5  28
4  79
9  46
11  61
26  57
19  11
25  76
26  13
20  65
6  19
15  1
8  22
28  2
21  12
19  84
7  15
11  35
12  84
29  47
26  78
12  31
8  11
19  4
28  79
10  50
15  44
29  33
12  27
21  82
22  52
19  4
21  42
6  7
12  26
16  56
13  65
19  10
7  37
16  30
9  68
17  17
21  9
17  12
2  13
5  49
20  25
17  41
1  66
29  74
4  37
15  14
27  18
10  23
18  22
17  62
25  88
17  82
14  37
29  54
11  78
24  12
20  87
16  29
13  75
24  10
7  3
10  36
20  85
8  64
12  25
19  63
4  87
20  26
6  12
23  34
27  52
24  77
9  65
11  53
18  17
29  26
7  30
18  72
19  30
22  75
12  19
15  31
3  5
6  12
9  35
26  78
8  33
22  26
13  43
20  77
10  80
3  23
11  50
23  4
1  57
11  35
8  31
19  72
17  30
3  60
24  30
7  28
3  3
10  79
10  51
6  80
6  84
11  76
13  44
28  85
11  50
18  61
29  34
14  23
25  87
17  78
14  56
14  25
10  68
12  38
5  10
27  75
24  10
6  13
27  7
24  71
17  78
5  60
7  31
17  71
8  58
18  23
23  14
21  17
18  50
27  45
26  86
8  59
14  20
25  22
17  88
10  6
9  47
26  36
7  3
8  46
10  4
3  26
18  51
18  7
23  8
29  47
2  51
10  73
29  23
18  12
14  51
21  37
13  2
18  33
17  58
26  14
26  9
5  19
1  4
18  41
9  1
16  1
2  44
20  28
12  87
9  34
1  51
4  18
6  27
22  40
16  31
27  84
4  46
13  7
13  76
15  65
25  43
21  30
1  30
19  31
8  9
1  52
7  4
13  31
22  46
14  11
14  86
13  20
7  53
3  57
7  88
20  12
6  17
19  26
13  12
29  85
4  71
20  38
29  67
13  40
21  32
22  9
7  12
26  73
25  52
24  13
15  35
2  69
5  15
11  81
10  3
19  75
25  7
13  77
20  4
10  51
29  19
16  27
12  69
10  81
28  37
14  55
21  18
13  10
4  9
12  87
2  55
7  28
13  67
28  44
2  2
22  66
1  60
28  63
26  76
22  62
1  69
26  44
28  80
4  37
20  18
26  73
11  10
22  30
21  25
6  79
6  33
2  42
7  16
16  72
15  54
10  77
10  65
16  15
2  74
6  35
24  32
23  82
20  83
18  43
10  43
7  51
19  87
27  15
19  1
6  50
27  38
7  66
26  43
29  28
7  36
16  56
21  14
29  79
5  44
7  16
5  87
14  27
9  53
14  5
18  84
4  2
24  17
12  40
15  57
2  15
29  48
4  31
1  32
13  35
8  81
13  1
12  15
23  11
1  34
14  63
26  22
25  2
13  26
20  76
19  6
13  45
26  13
25  6
19  74
18  10
21  79
28  58
15  25
1  55
2  71
26  11
7  9
24  1
27  22
28  35
8  29
14  57
14  37
20  7
11  16
26  80
13  74
2  78
17  31
4  36
19  75
10  35
22  67
27  8
22  64
20  54
18  60
14  72
27  13
15  23
26  14
10  73
2  5
29  35
2  15
4  21
18  47
1  11
7  62
2  77
6  77
11  76
18  78
9  12
14  80
8  81
29  8
6  74
7  60
18  59
23  76
24  30
11  2
4  57
9  48
5  83
1  64
18  63
7  54
22  3
22  50
22  19
12  74
19  14
3  53
17  27
8  34
9  52
6  14
21  23
8  52
3  6
4  62
16  13
2  58
6  24
28  72
28  31
27  64
27  58
4  65
28  86
9  52
4  34
12  23
5  19
25  69
16  10
12  59
4  80
26  37
1  8
27  14
15  66
21  55
1  16
25  30
11  25
28  64
5  12
4  34
25  63
21  57
29  4
8  2
23  28
29  3
17  70
1  55
10  48
14  65
15  78
11  16
12  49
1  1
13  70
15  43
20  15
20  67
6  87
28  47
13  23
21  7
16  62
1  80
14  61
25  59
16  16
4  58
16  24
9  51
10  37
16  53
13  49
24  86
22  72
22  63
4  11
21  87
27  68
5  60
13  52
4  33
21  80
23  33
27  34
9  66
17  76
12  20
3  23
2  56
18  17
3  6
13  13
7  14
3  85
16  8
15  18
29  72
23  68
29  49
28  69
29  34
29  47
26  37
9  78
19  84
20  80
1  15
27  17
23  72
9  28
17  48
24  27
20  18
13  31
9  20
12  51
27  55
15  19
10  20
20  26
16  78
13  48
28  70
3  27
28  41
8  85
5  22
9  51
5  76
29  29
14  57
10  41
19  5
18  42
16  60
4  15
2  2
18  6
26  80
18  6
5  13
23  20
7  9
29  61
21  51
28  27
3  10
26  35
4  64
7  42
14  2
11  64
26  12
17  29
27  9
23  24
25  72
12  14
24  59
27  7
10  65
3  20
21  59
16  37
26  76
12  15
10  17
26  34
3  15
5  9
5  52
17  35
7  14
22  6
8  48
4  43
3  43
1  44
20  25
12  2
16  29
25  27
13  70
20  33
8  81
17  54
26  70
9  35
1  83
1  16
27  45
10  78
21  78
19  40
17  16
8  47
7  7
14  28
25  84
24  9
7  5
9  57
3  82
24  54
11  67
20  1
5  30
23  83
5  68
9  82
22  11
27  88
26  22
21  62
25  80
11  45
20  47
15  61
23  5
28  14
15  51
17  36
24  22
10  24
13  3
17  64
13  14
1  1
10  70
10  27
18  53
22  43
5  60
10  62
16  43
19  80
24  69
21  5
2  73
22  63
22  30
5  86
11  38
16  5
8  11
13  33
8  32
8  77
12  46
11  16
28  70
2  48
6  14
20  88
15  29
28  37
29  24
25  54
23  71
17  82
1  66
8  67
5  52
10  56
5  10
11  24
18  77
1  18
15  34
19  18
21  35
29  30
22  63
22  70
14  4
18  34
14  77
2  77
28  62
16  31
27  84
26  81
19  50
19  25
27  54
26  54
13  9
22  5
17  37
1  1
6  26
24  74
13  81
10  68
29  58
2  8
17  16
22  87
11  57
5  51
26  20
29  40
28  27
5  39
1  32
29  76
8  84
11  61
6  26
28  19
21  75
9  85
21  50
20  39
22  71
12  66
21  65
18  61
12  20
14  73
20  35
6  82
10  47
24  25
24  45
4  46
18  13
24  27
18  86
20  76
19  80
22  59
2  18
26  79
3  49
19  60
7  82
4  23
28  14
10  8
12  28
24  1
23  53
25  54
29  65
14  10
22  63
12  73
8  1
22  37
29  46
8  71
22  72
26  47
5  14
13  71
11  45
17  65
13  7
16  81
10  37
21  54
23  8
11  17
5  83
21  88
7  61
22  85
12  3
26  6
19  50
6  42
19  66
6  1
9  78
23  82
10  23
1  58
13  24
3  32
8  53
3  38
20  69
16  65
10  86
23  17
19  31
3  68
9  57
21  38
1  14
24  11
24  12
14  84
3  67
16  16
28  73
2  18
9  80
1  48
26  5
22  27
8  49
7  2
15  4
16  82
17  53
8  81
15  14
19  80
29  4
9  21
17  53
16  40
12  66
3  22
17  4
7  1
22  27
14  41
16  81
13  51
20  84
27  63
3  43
25  32
18  48
9  53
18  19
3  20
29  64
1  78
19  7
19  14
5  73
2  26
11  66
28  68
1  50
21  19
18  77
2  50
7  74
1  18
22  41
12  27
24  46
21  54
16  34
11  46
9  24
26  60
11  21
21  2
23  24
7  55
16  42
23  65
13  47
28  81
4  34
9  72
7  31
28  40
11  9
15  69
16  4
22  2
9  36
16  23
9  37
2  48
29  36
14  57
6  10
13  78
13  65
27  79
16  55
17  57
25  40
20  31
2  24
26  71
2  61
15  41
17  59
18  18
9  9
23  15
12  24
13  53
5  12
14  69
9  11
21  4
12  51
13  41
28  88
15  48
18  51
14  76
9  14
15  8
5  43
29  62
25  21
8  17
5  62
1  21
4  55
25  71
23  62
22  30
13  49
29  49
4  2
22  10
22  67
27  80
20  8
25  18
9  43
29  39
8  51
19  83
1  86
23  52
9  21
26  51
28  71
15  77
12  29
15  57
22  85
27  36
5  10
13  64
13  1
10  51
27  38
3  60
20  69
27  72
12  52
17  10
1  69
12  50
7  26
5  68
9  33
12  33
7  39
22  27
27  25
17  81
14  37
12  50
23  79
5  7
17  87
7  17
13  24
28  10
28  52
10  87
3  83
4  59
11  58
10  15
15  15
12  77
2  51
25  3
11  25
21  45
25  83
19  36
7  59
7  26
6  47
17  39
12  54
21  29
13  7
19  64
13  32
28  82
22  52
20  35
18  6
7  37
20  34
4  53
29  75
29  21
5  71
23  47
21  78
23  28
23  49
6  11
11  80
21  45
16  36
22  52
10  67
13  28
22  41
17  74
3  75
19  33
21  80
25  3
2  24
14  84
25  6
27  3
29  2
5  50
25  79
25  44
20  51
26  70
10  61
17  22
28  32
28  32
19  54
10  56
1  8
20  73
20  25
28  60
21  67
5  52
9  25
8  22
11  59
6  63
21  88
16  21
2  78
4  15
23  4
5  65
16  41
20  55
15  30
3  82
2  54
27  57
4  70
28  55
13  46
24  82
27  15
26  28
12  56
12  50
7  57
1  10
29  56
27  17
7  81
24  74
5  31
12  51
17  58
19  82
6  41
2  69
26  47
25  14
14  82
8  13
1  86
1  47
24  16
15  29
7  54
3  63
4  84
15  71
10  33
24  19
13  56
22  2
25  2
1  31
