4491
5000
766.14
658.5632666666667
583.7120666666667
516.7104
488.1624
466.04906666666665
432.1410666666667
442.38506666666666
423.02406666666667
375.09226666666666
389.4592666666667
381.1254
365.66426666666666
379.8512666666667
350.8290666666667
355.4320666666667
353.58726666666666
346.86406666666664
334.20806666666664
340.50666666666666
338.4006
334.50666666666666
326.7864
320.3242666666667
326.49126666666666
315.08506666666665
314.5056
309.8890666666667
303.88166666666666
309.6016666666667
302.46
296.8066666666667
293.72006666666664
286.76506666666666
293.1606
285.1082666666667
295.96326666666664
284.2816666666667
277.1680666666667
286.4886
292.3224
286.4886
280.98726666666664
292.88106666666664
285.1082666666667
279.6202666666667
281.8090666666667
281.2610666666667
282.9066666666667
261.36
279.6202666666667
277.98426666666666
276.3530666666667
262.9464
274.9974
267.46726666666666
260.3050666666667
249.35706666666667
266.6666666666667
265.60106666666667
261.36
254.54106666666667
272.02666666666664
262.6816666666667
252.7206
240.92006666666666
251.42426666666665
249.09926666666667
269.34
264.8032666666667
255.32326666666665
251.9424
246.5286
254.54106666666667
261.6240666666667
256.1066666666667
253.24006666666668
257.6770666666667
245.76
252.20166666666665
250.90666666666667
249.09926666666667
243.71626666666666
247.2984
242.18906666666666
248.32666666666665
248.0694
242.6976
248.8416
247.55526666666665
251.1654
249.35706666666667
236.88166666666666
244.73706666666666
253.24006666666668
235.8774
242.44326666666666
251.42426666666665
242.18906666666666
243.71626666666666
232.62826666666666
241.42726666666667
238.39206666666666
252.46106666666665
240.92006666666666
240.66666666666666
237.63626666666667
240.92006666666666
250.90666666666667
249.615
247.81226666666666
241.68106666666668
244.48166666666665
243.97126666666668
242.6976
243.71626666666666
241.68106666666668
241.935
234.12506666666667
236.37926666666667
235.8774
236.37926666666667
245.76
245.76
234.87526666666668
243.4614
248.8416
241.68106666666668
247.04166666666666
246.01606666666666
240.66666666666666
240.4134
237.3846
233.87526666666668
234.87526666666668
241.42726666666667
239.6544
241.1736
246.27226666666667
243.20666666666668
231.63306666666668
233.12666666666667
236.88166666666666
236.12826666666666
243.97126666666668
233.87526666666668
237.3846
236.88166666666666
241.68106666666668
244.48166666666665
235.37606666666667
227.6736
233.12666666666667
242.95206666666667
229.64906666666667
230.39206666666666
235.1256
240.66666666666666
240.16026666666667
236.37926666666667
243.4614
238.39206666666666
235.8774
235.1256
233.87526666666668
228.16666666666666
225.70666666666668
227.6736
224.23706666666666
231.3846
237.3846
231.88166666666666
231.13626666666667
238.8966
218.64806666666667
223.01606666666666
233.37606666666667
240.66666666666666
229.64906666666667
225.21626666666666
234.375
241.1736
233.87526666666668
220.58406666666667
239.40166666666667
237.63626666666667
219.37306666666666
237.13306666666668
228.90726666666666
230.64
236.37926666666667
234.375
226.68906666666666
228.90726666666666
237.63626666666667
223.74826666666667
237.3846
223.50406666666666
239.6544
232.62826666666666
230.88806666666667
228.4134
233.6256
226.68906666666666
227.92006666666666
230.88806666666667
227.92006666666666
230.14426666666665
231.13626666666667
233.12666666666667
232.62826666666666
230.64
223.9926
224.23706666666666
232.62826666666666
230.88806666666667
224.97126666666668
226.68906666666666
214.08426666666668
236.12826666666666
221.31226666666666
218.8896
221.0694
226.44326666666666
226.935
224.97126666666668
223.26
221.0694
217.68326666666667
221.0694
228.66026666666667
221.31226666666666
222.5286
237.3846
231.88166666666666
220.09926666666667
226.68906666666666
221.31226666666666
228.66026666666667
236.88166666666666
233.37606666666667
225.4614
234.375
223.50406666666666
227.18106666666668
230.39206666666666
223.26
228.4134
223.26
220.58406666666667
218.40666666666667
226.44326666666666
221.7984
225.95206666666667
219.615
226.935
222.28506666666667
230.39206666666666
228.66026666666667
225.95206666666667
228.90726666666666
223.26
229.64906666666667
227.6736
221.0694
222.77226666666667
226.68906666666666
217.20166666666665
223.9926
221.31226666666666
222.5286
216.48026666666667
210.04166666666666
226.935
218.40666666666667
225.21626666666666
229.1544
224.48166666666665
222.77226666666667
220.82666666666665
225.70666666666668
228.66026666666667
224.97126666666668
224.48166666666665
225.95206666666667
223.74826666666667
227.42726666666667
222.5286
223.74826666666667
223.74826666666667
228.4134
222.77226666666667
226.68906666666666
224.48166666666665
223.9926
223.01606666666666
222.77226666666667
231.63306666666668
221.0694
219.37306666666666
221.7984
231.63306666666668
224.48166666666665
219.615
220.58406666666667
224.48166666666665
222.04166666666666
225.70666666666668
225.4614
218.1654
221.7984
225.95206666666667
227.42726666666667
223.9926
223.50406666666666
221.31226666666666
218.8896
230.39206666666666
224.48166666666665
227.18106666666668
219.85706666666667
223.26
223.74826666666667
226.1976
221.7984
216.7206
222.77226666666667
223.26
223.26
223.26
220.58406666666667
227.42726666666667
224.23706666666666
220.09926666666667
228.16666666666666
221.7984
227.92006666666666
225.21626666666666
223.74826666666667
226.1976
218.8896
224.7264
225.70666666666668
225.21626666666666
220.58406666666667
229.1544
225.70666666666668
216.7206
220.3416
225.95206666666667
218.8896
223.26
221.0694
224.48166666666665
220.82666666666665
220.58406666666667
224.97126666666668
226.68906666666666
220.3416
216.0
225.70666666666668
214.32326666666665
221.55526666666665
221.31226666666666
219.615
228.16666666666666
214.32326666666665
223.9926
221.55526666666665
222.5286
219.615
219.37306666666666
220.3416
228.90726666666666
221.55526666666665
226.1976
220.09926666666667
223.01606666666666
229.64906666666667
223.9926
215.52026666666666
216.24006666666668
220.3416
219.85706666666667
221.55526666666665
218.40666666666667
224.23706666666666
226.44326666666666
223.50406666666666
220.82666666666665
219.615
226.68906666666666
221.0694
229.1544
216.24006666666668
221.55526666666665
206.27206666666666
225.4614
217.4424
222.04166666666666
210.9894
217.92426666666665
223.74826666666667
215.76006666666666
227.42726666666667
223.01606666666666
213.60666666666665
219.37306666666666
220.58406666666667
225.70666666666668
215.52026666666666
221.55526666666665
218.40666666666667
220.3416
219.13126666666668
211.46406666666667
215.76006666666666
231.3846
218.64806666666667
222.28506666666667
220.09926666666667
217.68326666666667
223.01606666666666
221.55526666666665
217.92426666666665
221.31226666666666
218.1654
212.17706666666666
217.68326666666667
218.1654
218.8896
223.26
216.48026666666667
219.13126666666668
219.85706666666667
220.58406666666667
211.22666666666666
211.22666666666666
223.26
216.96106666666665
220.82666666666665
215.76006666666666
225.70666666666668
219.37306666666666
217.20166666666665
212.415
214.5624
225.95206666666667
225.21626666666666
215.76006666666666
219.13126666666668
217.4424
219.37306666666666
216.96106666666665
228.90726666666666
217.20166666666665
225.95206666666667
219.85706666666667
209.80506666666668
213.36806666666666
226.44326666666666
220.82666666666665
221.0694
220.3416
213.8454
216.24006666666668
223.74826666666667
221.55526666666665
211.22666666666666
216.7206
218.1654
223.01606666666666
216.24006666666668
217.20166666666665
217.92426666666665
213.36806666666666
218.64806666666667
224.23706666666666
214.5624
217.4424
223.26
215.76006666666666
216.96106666666665
211.93926666666667
216.96106666666665
212.415
211.93926666666667
214.5624
217.20166666666665
217.4424
223.26
217.4424
216.24006666666668
226.44326666666666
216.48026666666667
222.04166666666666
221.7984
217.4424
215.76006666666666
218.64806666666667
213.1296
226.68906666666666
220.09926666666667
219.85706666666667
213.36806666666666
217.4424
217.20166666666665
214.5624
220.09926666666667
215.04106666666667
221.55526666666665
220.58406666666667
216.0
215.04106666666667
219.85706666666667
215.52026666666666
214.08426666666668
222.5286
221.7984
216.24006666666668
219.85706666666667
225.4614
226.68906666666666
216.48026666666667
221.0694
217.20166666666665
220.3416
213.1296
223.26
213.8454
214.80166666666668
210.51526666666666
215.52026666666666
217.92426666666665
221.55526666666665
216.0
221.0694
218.64806666666667
218.40666666666667
222.77226666666667
216.96106666666665
215.04106666666667
215.76006666666666
221.55526666666665
218.64806666666667
214.08426666666668
216.7206
217.20166666666665
221.0694
218.64806666666667
220.82666666666665
216.0
225.95206666666667
209.80506666666668
204.86726666666667
216.0
217.68326666666667
220.3416
217.20166666666665
216.24006666666668
212.415
216.0
212.415
211.93926666666667
207.91706666666667
219.37306666666666
217.68326666666667
214.08426666666668
223.26
219.37306666666666
213.60666666666665
209.09606666666667
212.89126666666667
214.32326666666665
215.52026666666666
211.46406666666667
207.4464
221.0694
211.22666666666666
210.9894
210.51526666666666
212.89126666666667
212.89126666666667
212.89126666666667
212.89126666666667
218.40666666666667
219.37306666666666
217.68326666666667
209.5686
208.86
212.415
210.75226666666666
218.40666666666667
212.89126666666667
213.1296
216.0
214.32326666666665
211.46406666666667
219.615
213.36806666666666
216.48026666666667
210.2784
213.60666666666665
207.4464
213.36806666666666
208.1526
210.2784
213.60666666666665
207.4464
213.36806666666666
208.1526
210.2784
213.60666666666665
207.4464
213.36806666666666
208.1526
210.2784
213.60666666666665
207.4464
213.36806666666666
208.1526
210.2784
213.60666666666665
207.4464
213.36806666666666
208.1526
210.2784
213.60666666666665
207.4464
213.36806666666666
208.1526
210.2784
213.60666666666665
207.4464
213.36806666666666
208.1526
210.2784
213.60666666666665
207.4464
213.36806666666666
208.1526
210.2784
213.60666666666665
207.4464
213.36806666666666
208.1526
210.2784
213.60666666666665
207.4464
213.36806666666666
208.1526
210.2784
213.60666666666665
207.4464
213.36806666666666
208.1526
210.2784
213.60666666666665
207.4464
213.36806666666666
208.1526
210.2784
213.60666666666665
207.4464
213.36806666666666
208.1526
210.2784
213.60666666666665
207.4464
213.36806666666666
208.1526
210.2784
213.60666666666665
207.4464
213.36806666666666
208.1526
210.2784
213.60666666666665
207.4464
213.36806666666666
208.1526
210.2784
213.60666666666665
207.4464
213.36806666666666
208.1526
210.2784
213.60666666666665
207.4464
213.36806666666666
208.1526
210.2784
213.60666666666665
207.4464
213.36806666666666
208.1526
210.2784
213.60666666666665
207.4464
213.36806666666666
208.1526
210.2784
213.60666666666665
207.4464
213.36806666666666
208.1526
210.2784
213.60666666666665
207.4464
213.36806666666666
208.1526
210.2784
213.60666666666665
207.4464
213.36806666666666
208.1526
210.2784
213.60666666666665
207.4464
213.36806666666666
208.1526
210.2784
213.60666666666665
207.4464
213.36806666666666
208.1526
210.2784
213.60666666666665
207.4464
213.36806666666666
208.1526
210.2784
213.60666666666665
207.4464
213.36806666666666
208.1526
210.2784
213.60666666666665
207.4464
213.36806666666666
208.1526
210.2784
213.60666666666665
207.4464
213.36806666666666
208.1526
210.2784
213.60666666666665
207.4464
213.36806666666666
208.1526
210.2784
213.60666666666665
207.4464
213.36806666666666
208.1526
210.2784
213.60666666666665
207.4464
213.36806666666666
208.1526
210.2784
213.60666666666665
207.4464
213.36806666666666
208.1526
210.2784
213.60666666666665
207.4464
213.36806666666666
208.1526
210.2784
213.60666666666665
207.4464
213.36806666666666
208.1526
210.2784
213.60666666666665
207.4464
213.36806666666666
208.1526
210.2784
213.60666666666665
207.4464
213.36806666666666
208.1526
210.2784
213.60666666666665
207.4464
213.36806666666666
208.1526
210.2784
213.60666666666665
207.4464
213.36806666666666
208.1526
210.2784
213.60666666666665
207.4464
213.36806666666666
208.1526
210.2784
213.60666666666665
207.4464
213.36806666666666
208.1526
210.2784
213.60666666666665
207.4464
213.36806666666666
208.1526
210.2784
213.60666666666665
207.4464
213.36806666666666
208.1526
210.2784
213.60666666666665
207.4464
213.36806666666666
208.1526
210.2784
213.60666666666665
207.4464
213.36806666666666
208.1526
210.2784
213.60666666666665
207.4464
213.36806666666666
208.1526
210.2784
213.60666666666665
207.4464
213.36806666666666
208.1526
210.2784
213.60666666666665
207.4464
213.36806666666666
208.1526
210.2784
213.60666666666665
207.4464
213.36806666666666
208.1526
210.2784
213.60666666666665
207.4464
213.36806666666666
208.1526
210.2784
213.60666666666665
207.4464
213.36806666666666
208.1526
210.2784
213.60666666666665
207.4464
213.36806666666666
208.1526
210.2784
213.60666666666665
207.4464
213.36806666666666
208.1526
210.2784
213.60666666666665
207.4464
213.36806666666666
208.1526
210.2784
213.60666666666665
207.4464
213.36806666666666
208.1526
210.2784
213.60666666666665
207.4464
213.36806666666666
208.1526
210.2784
213.60666666666665
207.4464
213.36806666666666
208.1526
210.2784
213.60666666666665
207.4464
213.36806666666666
208.1526
210.2784
213.60666666666665
207.4464
213.36806666666666
208.1526
210.2784
213.60666666666665
207.4464
213.36806666666666
208.1526
210.2784
213.60666666666665
207.4464
213.36806666666666
208.1526
210.2784
213.60666666666665
207.4464
213.36806666666666
208.1526
210.2784
213.60666666666665
207.4464
213.36806666666666
208.1526
210.2784
213.60666666666665
207.4464
213.36806666666666
208.1526
210.2784
213.60666666666665
207.4464
213.36806666666666
208.1526
210.2784
213.60666666666665
207.4464
213.36806666666666
208.1526
210.2784
213.60666666666665
207.4464
213.36806666666666
208.1526
210.2784
213.60666666666665
207.4464
213.36806666666666
208.1526
210.2784
213.60666666666665
207.4464
213.36806666666666
208.1526
210.2784
213.60666666666665
207.4464
213.36806666666666
208.1526
210.2784
213.60666666666665
207.4464
213.36806666666666
208.1526
210.2784
213.60666666666665
207.4464
213.36806666666666
208.1526
210.2784
213.60666666666665
207.4464
213.36806666666666
208.1526
210.2784
213.60666666666665
207.4464
213.36806666666666
208.1526
210.2784
213.60666666666665
207.4464
213.36806666666666
208.1526
210.2784
213.60666666666665
207.4464
213.36806666666666
208.1526
210.2784
213.60666666666665
207.4464
213.36806666666666
208.1526
210.2784
213.60666666666665
207.4464
213.36806666666666
208.1526
210.2784
213.60666666666665
207.4464
213.36806666666666
208.1526
210.2784
213.60666666666665
207.4464
213.36806666666666
