50
15000
27  8
16  75
9  5
27  5
12  40
11  86
13  80
18  18
27  44
9  19
6  30
4  37
5  53
16  83
22  40
25  72
17  46
9  16
8  35
29  61
6  13
7  37
2  77
19  48
7  48
25  71
22  53
2  24
25  65
5  78
29  78
22  13
25  82
4  60
19  52
7  35
28  41
25  84
27  84
19  78
21  85
12  52
1  64
13  44
13  46
4  67
23  1
6  77
15  56
11  19
19  75
29  77
9  8
9  15
26  11
22  17
5  45
8  69
7  43
2  5
26  8
20  21
10  85
22  12
21  52
6  56
8  68
11  55
7  30
2  2
17  86
2  28
19  77
5  88
1  75
20  88
6  2
26  42
15  14
21  21
15  65
23  73
28  3
28  13
8  38
10  10
29  63
20  84
20  80
27  40
25  19
15  73
15  49
8  85
24  41
10  12
18  20
14  73
17  44
25  41
26  61
16  49
16  68
9  20
6  12
9  57
16  39
3  51
8  10
9  42
22  57
3  31
7  73
13  76
5  76
21  42
22  7
21  60
18  64
19  9
9  11
7  31
1  84
10  18
18  30
4  5
5  2
9  39
19  68
10  14
26  63
14  50
6  72
1  39
7  87
16  86
1  10
21  78
20  61
3  76
14  76
28  81
26  41
20  74
8  8
3  3
21  71
5  61
14  67
16  23
1  78
27  24
15  13
4  50
13  38
24  34
1  54
9  36
23  80
29  28
3  42
16  23
27  66
28  64
9  54
3  54
8  80
4  59
22  8
24  87
7  67
28  82
26  74
25  9
23  77
29  8
19  30
4  46
27  43
9  22
1  59
7  10
13  57
13  18
10  54
5  25
4  33
19  72
5  2
10  12
6  36
4  59
1  72
15  12
23  54
4  76
3  55
13  5
20  14
26  9
28  60
10  12
28  51
15  63
24  82
11  1
16  31
3  8
12  12
3  37
7  24
5  14
24  37
13  61
5  17
28  13
9  38
29  4
16  61
14  76
25  64
23  44
18  68
22  20
2  13
19  30
13  27
8  71
22  59
5  44
20  56
17  2
5  56
5  14
4  43
16  27
1  46
24  17
26  14
18  10
12  72
28  57
25  6
6  36
15  51
5  56
17  15
19  83
5  38
22  84
26  18
17  78
24  57
3  52
10  74
26  7
13  1
24  27
7  42
22  32
13  66
7  51
18  48
28  44
19  59
2  59
14  85
10  52
27  61
18  33
15  35
1  39
8  60
2  72
25  21
27  39
28  20
25  83
15  41
29  59
27  12
28  47
8  33
6  7
1  6
26  37
6  45
2  13
16  52
17  45
8  82
19  71
8  4
11  3
2  5
3  49
18  5
5  13
25  72
9  11
14  79
15  74
15  60
3  85
5  86
23  60
20  53
10  49
29  71
2  38
6  33
10  44
5  65
7  7
14  32
2  45
6  29
13  5
19  45
5  36
5  70
13  42
8  26
24  4
7  18
1  26
13  8
2  72
20  14
4  74
24  52
15  73
7  60
14  66
13  2
28  70
7  80
18  4
5  78
12  1
16  78
2  66
21  62
14  65
23  30
7  11
21  73
14  42
5  8
21  62
11  74
20  46
8  40
27  60
23  28
2  15
5  74
21  18
28  55
25  9
23  14
16  44
3  74
10  76
23  45
11  27
16  78
9  72
5  65
7  55
27  49
22  55
7  57
24  69
28  40
25  7
8  66
29  75
6  11
26  84
25  46
18  22
11  68
6  57
4  64
14  2
5  7
26  8
4  38
19  1
3  83
5  61
7  29
19  58
28  56
8  78
14  56
14  36
4  87
28  13
2  81
17  15
16  52
9  84
14  14
19  17
16  31
7  23
16  5
17  31
22  21
5  85
28  71
5  7
11  19
7  79
25  56
14  52
27  76
15  55
8  29
27  49
10  45
21  2
25  76
11  20
5  55
7  38
12  71
9  12
7  53
12  68
15  17
25  11
25  25
10  86
10  6
28  29
21  3
29  17
14  55
11  71
29  81
20  60
4  19
27  32
15  39
1  31
25  63
17  2
29  41
11  29
19  54
29  81
19  76
10  73
5  73
3  18
25  88
6  12
18  40
7  45
10  56
6  61
9  15
16  52
19  7
7  47
11  74
6  33
4  20
9  46
23  88
13  75
20  63
9  57
27  74
6  65
14  17
16  33
21  53
16  4
14  39
1  88
21  4
26  17
15  23
11  67
2  14
16  5
1  58
28  32
4  45
7  46
11  56
16  56
16  52
29  56
28  62
6  69
8  8
28  29
2  58
21  69
3  88
21  11
4  5
15  60
20  21
7  10
11  72
5  37
18  18
22  35
18  7
22  82
6  52
15  1
6  72
18  31
16  74
19  27
3  84
13  34
14  13
24  32
22  5
18  53
1  81
18  65
15  86
5  82
24  58
10  49
17  70
2  61
6  15
25  8
16  36
29  86
18  58
4  35
17  51
22  76
1  6
3  69
5  72
21  2
1  23
17  66
17  6
1  21
17  53
21  14
4  56
17  19
13  64
24  81
12  55
20  61
12  77
4  77
23  31
21  53
20  71
18  46
13  62
21  32
3  86
26  80
13  85
19  61
28  51
24  53
15  44
9  76
3  41
10  52
20  9
19  72
4  29
27  50
20  50
26  69
14  79
6  12
12  85
21  41
16  7
23  58
1  15
15  46
20  72
18  22
22  58
23  78
23  87
17  10
25  52
22  29
5  4
5  77
18  14
19  75
26  31
29  46
17  42
1  87
7  12
23  79
23  36
2  12
5  87
10  27
1  82
25  63
23  80
6  23
26  28
29  38
7  88
19  68
11  59
11  66
21  2
4  59
12  77
14  53
17  50
23  31
12  15
25  85
13  48
3  38
14  25
13  31
18  54
29  24
19  22
29  27
18  21
20  46
14  64
11  38
16  20
6  83
1  47
19  51
22  32
2  62
18  11
15  81
26  60
18  38
16  45
1  64
29  43
21  76
29  58
26  51
26  88
6  12
1  47
13  86
17  76
29  19
1  21
18  72
6  40
24  42
23  78
6  42
4  86
11  1
29  37
25  86
7  76
10  68
6  18
15  41
9  16
12  41
2  35
14  18
28  36
1  55
11  60
6  40
28  83
11  41
18  15
8  54
9  50
4  72
13  28
23  25
7  71
2  20
11  50
23  24
9  5
7  19
26  59
1  83
28  54
25  40
2  76
2  85
9  86
17  53
11  50
2  18
17  14
21  88
26  29
16  33
12  63
5  33
25  64
15  18
6  74
19  74
26  38
27  47
24  38
16  53
10  70
22  39
16  65
18  1
15  24
15  6
18  5
27  37
19  14
9  30
6  5
17  59
14  3
2  42
25  60
26  14
13  22
14  4
16  28
12  60
25  72
17  6
1  44
11  51
25  57
3  46
19  49
20  55
20  14
2  63
27  14
10  83
3  46
26  71
26  3
25  11
15  47
9  83
10  33
29  8
29  61
22  12
15  67
13  10
20  76
20  36
17  38
13  87
9  64
24  33
23  81
23  11
27  28
21  9
10  61
14  70
13  47
16  84
12  54
21  57
5  7
22  61
22  56
21  80
20  58
11  24
13  3
19  40
3  56
13  21
17  23
14  2
25  58
17  75
16  8
25  46
8  53
10  5
10  82
18  48
4  71
25  24
22  29
9  23
28  40
25  10
7  10
15  80
26  75
19  12
11  11
17  62
6  2
1  41
10  62
4  53
28  76
2  52
3  27
12  18
22  1
14  45
17  81
21  52
8  4
20  20
8  36
16  70
11  24
21  44
21  9
20  58
1  60
24  17
8  72
15  86
8  15
23  42
10  81
1  10
1  83
4  71
15  79
11  24
14  5
26  75
11  79
18  35
4  27
22  58
26  9
25  40
13  36
18  52
15  14
26  47
15  51
11  72
9  31
10  25
7  84
5  9
14  76
5  83
12  45
7  4
13  2
7  82
19  30
12  63
22  75
28  5
13  9
14  76
29  58
20  70
21  81
26  83
2  67
6  32
5  87
8  3
6  23
16  65
27  40
8  57
25  45
21  81
4  87
24  46
14  82
5  41
2  25
2  84
5  66
19  21
24  43
19  1
13  43
29  18
27  38
2  3
8  81
9  8
22  83
4  50
13  52
2  8
18  79
18  17
7  3
15  46
12  64
7  53
13  76
3  7
6  37
7  43
10  40
8  68
19  57
28  13
8  68
26  45
23  39
7  22
6  34
22  7
1  23
3  81
6  36
7  22
26  56
23  53
3  81
18  59
24  67
14  43
28  37
2  86
7  62
29  30
7  29
6  76
24  38
29  81
29  32
25  34
4  51
29  28
25  23
22  39
23  23
22  47
1  28
27  46
12  47
11  45
7  14
5  49
29  24
2  82
28  43
5  46
4  42
8  29
29  13
26  61
19  8
19  70
17  14
23  48
22  62
12  40
5  27
6  34
2  33
29  48
12  83
21  56
19  58
6  27
4  56
2  74
15  43
26  52
12  68
7  18
27  15
9  35
24  61
9  11
15  37
10  54
10  74
23  83
19  38
8  27
23  44
14  17
14  34
28  75
27  37
19  38
3  39
18  41
18  67
6  72
19  1
2  40
13  77
8  82
3  82
23  41
24  60
18  85
8  75
10  50
3  67
4  34
17  57
9  23
16  72
2  29
26  64
1  84
27  8
17  19
3  11
22  79
11  46
5  52
7  9
19  75
18  76
12  1
19  33
12  8
13  23
4  22
27  31
10  75
26  31
28  17
15  27
29  84
15  20
15  56
28  49
11  10
4  18
29  47
5  67
20  32
16  45
1  7
23  72
25  3
12  69
3  80
13  73
1  50
29  43
7  7
21  70
14  52
20  33
25  16
18  4
5  45
3  6
27  52
2  41
13  8
7  63
21  83
9  54
3  21
21  6
17  36
14  20
2  45
10  87
7  39
25  63
4  72
28  45
14  10
26  78
29  45
2  81
27  48
2  56
2  50
29  35
17  19
7  15
1  80
12  38
17  66
25  72
12  32
13  24
6  11
2  65
2  79
4  31
7  10
7  34
10  45
22  84
17  15
29  36
26  57
2  51
3  76
19  20
15  62
11  33
10  84
2  32
8  10
5  4
19  45
21  8
28  65
29  70
7  54
16  14
17  77
9  34
21  81
28  30
24  33
12  29
22  18
14  54
5  64
22  77
15  85
22  86
3  3
19  5
9  35
16  41
4  88
3  31
14  45
2  26
19  27
5  8
10  7
15  87
10  56
19  23
13  78
10  41
22  22
23  85
17  2
28  82
28  61
13  53
24  76
10  44
25  56
13  37
8  88
12  16
6  28
25  27
2  36
20  52
29  38
3  57
18  7
5  75
28  49
27  25
27  18
24  49
15  5
28  17
1  58
16  60
13  88
22  64
25  11
26  20
1  65
16  86
12  46
21  34
17  31
15  47
12  43
7  4
24  62
26  88
29  15
27  87
4  9
8  64
27  55
8  27
15  32
27  48
5  3
28  35
14  44
29  43
21  75
21  50
25  78
2  86
6  77
29  54
11  51
5  65
16  28
11  23
28  66
23  51
23  50
29  56
7  59
7  9
16  30
19  45
2  57
27  55
9  30
18  67
10  25
1  69
23  14
12  59
16  80
27  83
27  39
4  47
15  49
6  4
15  65
9  27
1  76
10  46
24  64
19  84
24  87
19  80
27  65
21  44
11  41
24  51
9  30
10  67
25  65
7  17
26  46
25  79
21  35
7  73
21  37
3  61
27  2
27  56
29  58
24  13
24  47
20  40
21  19
18  81
8  16
25  28
9  26
14  53
28  73
25  26
16  75
12  64
8  62
21  71
28  43
22  26
2  70
12  38
2  2
16  84
3  17
23  1
3  33
2  18
1  51
28  21
16  28
13  11
8  30
13  50
16  57
19  87
29  11
20  88
23  31
10  88
21  57
10  19
10  31
15  49
15  36
10  16
10  78
1  25
15  39
24  45
28  72
4  41
6  57
11  84
11  78
17  81
22  28
18  88
23  33
16  86
16  16
1  5
1  68
8  79
3  12
29  28
29  77
11  83
16  61
9  76
25  27
27  4
21  77
27  74
13  41
29  38
16  53
23  41
19  10
10  48
13  26
20  42
18  50
29  17
3  67
28  21
15  19
14  11
25  56
5  13
14  12
17  28
11  44
15  32
27  75
17  88
29  84
3  36
11  37
26  15
16  62
1  11
25  32
16  77
3  42
10  15
8  23
20  52
16  60
6  70
3  69
16  19
17  55
12  30
23  72
29  82
7  51
4  33
19  39
21  75
1  23
1  42
13  84
1  82
2  15
21  62
20  67
29  54
7  70
18  12
27  24
14  5
21  69
9  85
25  77
15  59
24  50
27  36
9  49
19  27
17  41
27  78
29  9
13  19
6  46
3  2
12  2
25  36
5  8
14  9
8  60
26  88
21  8
7  39
6  88
28  26
19  71
15  40
21  11
4  57
18  67
7  3
29  16
17  76
27  81
2  18
20  9
12  78
21  28
27  31
7  15
22  35
22  28
16  24
4  61
11  17
9  48
9  4
15  48
22  32
3  20
8  60
14  73
6  10
1  11
20  34
21  48
22  35
23  5
16  52
26  34
4  9
10  49
28  9
18  13
11  68
13  28
1  18
2  70
12  87
3  8
3  42
22  81
4  52
12  6
5  54
24  8
10  68
2  27
3  46
1  26
4  68
28  86
26  1
1  62
14  65
12  64
23  60
15  21
24  36
27  58
15  19
26  34
16  54
8  2
25  22
20  69
4  85
26  77
13  5
11  27
20  28
17  78
10  84
3  79
3  39
16  21
5  23
4  68
22  51
26  9
15  46
7  24
8  34
24  38
13  50
11  59
9  29
10  87
3  38
12  29
15  63
5  21
3  54
5  19
25  40
13  36
8  66
4  57
6  15
25  37
16  28
3  16
22  15
12  6
18  53
4  74
8  2
6  75
2  59
2  41
16  32
2  64
20  22
26  11
6  73
23  13
26  54
21  48
11  46
8  8
29  86
22  9
22  28
4  21
1  84
2  67
21  16
3  57
14  30
5  26
22  35
4  50
22  5
8  30
29  38
18  80
23  37
28  16
29  71
15  31
7  83
23  61
24  58
10  2
14  69
1  49
4  33
15  73
11  45
13  21
9  76
9  27
19  54
1  74
15  1
23  52
25  45
20  75
18  84
26  80
7  16
8  30
8  63
15  37
10  10
27  3
15  67
19  5
29  4
29  27
12  21
7  1
22  21
19  25
16  50
27  86
14  19
3  68
13  42
7  43
16  79
18  51
19  24
18  49
8  53
4  55
26  63
14  17
2  73
14  68
14  14
5  1
26  10
10  87
5  85
24  15
10  10
24  17
22  29
21  75
8  83
22  34
11  20
27  33
13  27
14  54
17  86
8  52
5  72
19  43
19  44
20  44
20  5
4  56
21  8
17  41
4  83
18  80
1  71
10  44
25  48
23  44
12  29
18  84
6  11
20  68
22  84
19  23
6  5
15  14
12  21
12  84
6  64
9  29
4  20
23  79
13  3
9  11
29  87
27  29
18  53
14  22
6  71
11  3
3  37
25  46
21  62
23  42
21  64
2  77
12  15
2  22
26  74
15  53
20  1
11  50
24  27
2  45
9  84
23  28
29  43
21  52
18  49
22  23
16  5
19  52
10  69
9  12
11  15
7  39
19  14
23  79
19  48
11  13
26  52
11  8
14  81
27  20
4  81
2  86
25  12
25  70
9  49
29  37
7  63
19  6
29  50
14  41
13  18
17  58
13  85
15  88
19  60
8  58
12  26
4  84
20  81
2  15
16  15
4  78
5  86
25  60
25  26
28  76
14  3
13  8
22  58
24  19
1  71
26  2
8  65
7  12
24  15
19  59
14  44
13  27
24  8
1  23
5  80
26  83
2  32
26  67
25  47
14  18
22  80
16  24
27  49
22  67
8  52
11  78
21  19
10  31
20  40
28  1
4  18
10  18
27  20
29  7
10  72
23  68
3  33
11  48
24  54
6  60
23  10
17  76
13  80
18  30
1  75
21  48
20  68
3  30
4  53
19  33
5  2
2  75
23  7
1  14
11  76
18  12
26  62
22  65
8  15
11  77
2  69
26  30
17  64
6  75
18  61
20  75
9  72
21  19
23  14
20  70
15  80
17  31
7  84
5  10
11  45
10  8
5  58
28  9
19  60
27  12
8  33
28  2
24  22
17  1
26  34
4  68
2  5
21  56
13  39
10  81
25  85
13  82
5  38
29  36
25  51
18  38
28  85
22  18
21  33
25  40
10  30
7  60
12  40
9  75
6  60
23  67
11  27
24  80
29  12
3  42
5  82
25  12
9  85
25  40
29  4
19  85
5  16
8  19
5  3
23  21
17  7
4  45
28  52
15  29
11  1
25  41
1  68
21  3
17  44
3  46
10  43
1  68
23  18
10  59
25  4
19  18
4  28
29  25
22  27
8  22
19  65
26  84
20  45
6  78
29  79
9  42
12  27
6  24
9  8
17  57
2  14
8  29
6  63
12  36
3  36
16  86
16  88
27  87
5  1
6  18
24  50
14  14
14  46
29  54
28  64
2  1
17  6
29  34
12  75
24  27
28  51
4  82
7  49
15  38
19  21
7  10
1  9
19  39
3  2
22  41
9  76
4  24
25  22
10  14
15  21
24  32
14  53
29  6
20  57
27  28
3  11
15  51
26  80
1  82
24  3
14  53
19  1
24  80
18  68
3  29
29  81
16  57
20  77
27  4
4  36
14  55
22  42
8  56
13  42
22  65
12  35
28  40
15  19
14  55
7  52
5  66
1  43
4  80
7  71
11  11
24  14
28  82
19  43
14  14
27  20
18  18
29  72
16  83
29  6
2  87
17  88
21  2
28  22
2  35
3  15
19  37
3  83
2  81
11  12
14  49
24  26
18  39
2  21
18  68
13  29
9  61
11  38
10  32
22  88
19  60
8  74
28  30
9  6
12  48
3  24
18  84
29  16
26  14
6  63
20  71
29  86
22  30
15  57
19  49
9  83
27  1
4  83
2  75
25  52
1  11
14  19
14  35
7  57
14  58
27  80
13  8
5  51
21  4
1  62
28  8
10  4
28  61
24  23
17  48
28  41
18  6
9  57
12  44
23  26
3  86
4  46
11  33
4  24
12  21
25  15
12  74
4  6
18  19
6  48
6  80
9  73
16  61
9  39
2  24
8  15
28  88
7  13
12  33
28  19
10  12
13  66
26  42
19  7
29  73
13  44
9  8
21  47
7  68
11  8
24  37
3  76
1  19
19  55
7  34
25  6
5  76
11  66
29  29
5  9
14  26
19  38
12  35
17  25
29  31
29  41
22  63
10  37
12  35
16  58
8  24
2  39
11  43
29  84
13  47
27  57
6  10
6  27
3  22
15  65
20  75
19  12
26  41
7  77
6  59
13  57
21  16
22  15
6  67
21  67
22  59
15  35
5  52
19  38
26  60
27  52
12  2
16  71
11  88
8  65
13  81
17  49
7  5
10  53
16  82
7  67
9  5
28  50
2  30
10  59
17  18
24  53
10  73
27  14
17  79
29  77
15  56
23  20
26  20
15  52
7  27
23  8
25  26
3  75
2  83
17  54
18  51
5  2
1  60
21  43
2  67
12  13
2  28
3  24
2  1
15  7
15  18
23  55
29  14
22  11
10  79
24  84
5  52
9  53
18  80
29  84
24  15
26  4
20  49
19  8
15  31
23  35
20  27
8  11
29  44
2  67
1  22
6  7
28  72
9  83
18  55
3  76
29  64
12  16
17  67
13  81
23  3
19  4
12  33
1  72
25  16
20  74
13  44
8  62
28  76
15  63
7  30
25  79
8  33
18  3
27  46
13  46
18  40
19  70
15  74
15  59
8  8
16  83
26  5
18  34
5  67
29  15
27  66
18  50
6  31
21  18
11  46
9  11
21  35
26  4
19  1
15  86
28  53
20  1
18  85
4  33
8  34
5  53
14  53
17  88
29  38
23  48
24  87
22  44
10  47
8  51
27  74
9  47
6  54
26  57
4  8
3  86
19  5
9  62
14  37
16  45
13  41
1  11
28  29
4  30
29  40
13  79
5  41
9  74
8  52
24  55
19  26
29  45
4  47
10  22
17  20
23  62
22  68
28  37
23  28
29  68
13  84
8  36
22  82
11  41
25  78
12  22
7  71
11  67
6  12
25  1
22  15
15  61
6  68
14  83
14  8
16  2
25  5
9  5
7  25
22  58
16  85
4  83
26  27
5  10
16  9
28  74
6  51
10  24
22  61
1  1
8  29
4  36
24  47
28  48
4  58
17  80
27  48
8  35
24  19
10  9
24  26
17  70
27  11
6  11
15  10
12  34
20  32
15  63
1  79
9  71
17  17
18  40
25  65
16  15
6  81
11  65
11  50
24  41
21  66
20  40
12  24
15  27
13  51
8  70
29  8
27  87
26  42
14  53
8  76
11  78
28  82
28  48
12  54
14  55
21  62
24  77
27  42
14  40
25  83
14  70
13  23
8  3
29  41
19  19
3  70
13  11
7  2
23  81
5  25
4  52
3  49
1  13
2  61
25  37
8  12
25  81
23  72
3  65
2  75
11  70
13  42
12  81
25  30
21  24
13  72
17  51
9  81
5  69
29  12
1  62
23  83
22  21
5  45
9  75
26  82
6  27
19  21
1  85
28  64
4  9
26  14
20  25
20  73
4  64
25  4
21  38
19  50
5  13
28  77
7  14
24  83
19  69
24  35
5  51
5  85
2  33
1  16
29  2
25  85
20  50
3  64
12  51
21  6
25  30
20  82
19  70
12  82
26  64
8  7
26  46
10  34
20  51
13  33
9  18
24  48
26  71
23  37
26  39
11  84
7  51
8  49
10  62
2  12
21  24
1  37
23  4
22  9
16  76
19  14
19  84
25  32
6  28
28  86
27  14
21  6
15  40
21  37
15  52
20  27
28  42
19  43
18  23
13  32
25  86
26  42
1  77
13  48
2  3
20  24
21  78
6  66
29  73
20  58
28  50
11  4
14  65
19  18
2  4
5  9
8  79
4  42
27  17
12  84
28  11
23  6
1  25
2  50
24  2
7  14
6  21
14  20
20  81
9  56
18  71
8  2
12  67
22  1
26  4
21  88
6  61
16  61
1  68
8  52
1  16
12  42
18  56
27  13
1  55
13  73
22  27
12  77
5  44
19  12
17  10
5  32
3  55
19  57
15  43
2  82
7  70
2  77
20  25
25  37
26  46
7  64
6  45
8  32
1  16
16  55
3  54
15  64
5  4
26  45
29  42
26  74
12  25
22  16
23  82
12  22
2  82
17  18
23  41
1  69
21  26
1  53
25  85
13  12
21  24
17  13
11  44
21  23
3  76
29  66
20  88
29  70
14  47
27  50
17  59
5  74
25  78
4  35
5  27
8  24
22  71
26  38
4  39
10  4
16  11
3  52
20  87
1  39
9  66
7  5
5  39
23  50
12  25
4  36
8  76
15  40
16  46
25  4
11  21
7  23
7  50
15  85
26  50
15  39
9  78
2  63
16  80
17  17
4  86
8  60
17  27
6  16
16  48
6  82
11  2
27  51
14  77
4  39
26  15
23  72
8  79
15  67
19  67
9  26
17  57
15  88
26  78
15  84
26  18
28  45
15  20
3  28
22  33
2  70
12  80
19  80
23  9
14  53
11  68
16  67
21  87
17  52
7  47
5  16
2  54
3  80
19  85
28  29
28  73
15  23
16  74
19  50
1  1
28  2
29  23
7  47
3  50
7  75
21  2
1  57
11  66
13  88
21  67
2  4
8  42
7  46
9  1
16  33
5  82
12  77
27  64
20  26
12  48
21  74
21  77
27  1
17  82
11  32
15  23
18  4
25  38
4  30
11  16
11  19
4  9
12  44
8  74
28  48
4  53
2  60
5  66
10  13
10  32
29  77
17  56
6  49
18  43
15  43
19  44
17  35
27  16
19  32
3  34
18  85
2  3
21  14
19  7
1  1
13  74
22  58
1  17
26  15
9  21
6  58
25  17
3  77
21  29
16  31
19  44
2  52
24  8
7  76
6  30
27  82
10  51
8  44
14  61
24  34
25  14
21  63
21  19
17  77
3  36
11  5
16  84
10  75
16  79
4  48
4  35
28  58
27  63
4  6
9  17
1  38
25  4
26  29
7  54
12  14
29  55
1  77
5  37
8  13
22  77
14  17
21  28
25  62
2  11
29  53
5  17
17  15
8  18
9  73
1  85
27  54
20  4
1  36
8  84
20  62
8  4
20  73
3  11
22  83
8  74
29  29
5  16
8  17
28  20
16  22
23  85
8  64
12  6
5  69
1  85
26  10
29  34
20  60
13  29
11  67
22  8
29  65
8  20
22  40
24  39
21  25
10  2
19  16
18  73
7  45
16  36
9  54
21  83
5  39
27  6
14  84
18  18
1  53
8  55
2  32
18  86
22  85
13  88
10  58
4  58
13  15
19  85
9  76
29  17
1  6
23  74
13  48
19  50
9  78
14  62
18  5
28  61
11  79
15  11
24  50
26  76
20  64
25  59
9  41
1  66
21  36
17  12
14  53
22  22
3  16
15  37
18  75
25  41
14  74
25  54
12  76
25  51
21  59
29  3
22  17
6  17
10  69
10  49
20  45
24  18
21  86
22  63
13  31
23  29
23  19
17  14
21  76
5  11
4  45
8  49
4  8
9  11
26  23
16  77
16  78
7  64
27  84
27  33
19  35
17  5
3  77
26  47
7  62
26  57
19  25
13  1
1  3
23  10
9  67
18  12
17  59
29  14
24  40
21  24
4  36
3  69
5  69
2  61
24  39
19  56
26  36
8  6
6  20
12  44
3  15
16  74
16  7
9  23
8  83
20  37
1  70
1  66
19  71
23  83
17  17
24  29
8  42
4  38
15  48
3  53
23  15
17  2
19  48
15  72
2  44
17  31
10  30
17  30
4  54
9  70
19  33
21  42
15  14
3  11
23  3
7  63
20  62
13  57
11  33
14  36
21  4
10  24
26  70
20  56
26  70
4  50
10  43
23  77
19  4
8  65
6  82
14  72
28  57
12  27
11  69
9  23
21  26
12  46
8  75
13  33
10  68
23  83
21  3
1  57
14  65
19  6
18  71
13  59
13  51
23  11
18  74
28  21
16  87
28  3
2  50
27  31
3  44
8  77
23  22
27  3
28  33
19  4
4  40
22  29
23  33
15  55
9  59
18  11
29  18
17  11
23  21
9  21
27  9
13  3
8  22
27  29
14  47
20  81
15  87
14  48
7  47
2  41
5  76
20  51
10  29
20  52
19  34
28  55
11  63
19  2
21  64
25  13
8  64
25  30
14  2
7  74
26  40
15  14
1  9
23  28
12  28
1  24
8  11
6  66
19  76
21  46
5  49
14  79
22  39
10  42
20  43
3  62
1  16
20  18
26  30
7  79
22  28
6  4
1  62
28  9
15  57
18  67
11  27
2  37
29  24
12  56
25  40
16  73
6  84
19  49
16  31
11  66
7  57
18  52
12  29
11  88
15  69
15  68
1  52
8  61
19  81
1  3
10  67
11  14
16  80
15  62
21  24
21  72
22  38
26  52
7  6
18  19
13  25
27  38
13  14
23  2
23  76
15  32
26  50
21  1
8  63
23  46
11  45
8  61
15  7
26  79
12  52
23  87
22  12
16  53
21  71
3  17
10  5
1  75
20  48
10  38
12  61
16  77
4  58
7  45
12  49
26  75
17  2
13  23
5  31
29  5
20  81
12  20
22  9
25  56
28  80
16  26
21  55
23  23
1  3
19  5
18  24
1  74
1  22
25  39
28  81
9  74
7  34
27  41
4  83
21  74
29  56
22  56
27  57
4  63
5  36
18  80
18  79
26  81
5  3
18  68
24  84
12  79
22  61
10  43
17  88
25  78
14  43
25  60
12  14
16  58
20  1
10  83
16  75
22  35
1  84
27  57
7  20
6  9
8  69
21  87
3  51
19  80
23  53
7  74
24  27
9  12
29  70
22  64
2  71
27  85
25  15
23  18
1  6
20  60
12  80
22  56
1  25
10  36
5  25
12  87
3  27
18  17
27  55
20  69
23  87
26  60
5  15
21  35
21  62
18  52
4  17
20  10
2  38
11  53
18  61
27  62
26  35
5  45
3  32
14  22
22  1
8  10
15  16
1  57
19  79
28  28
17  43
20  49
11  69
7  17
14  12
20  67
20  78
23  19
25  14
2  69
1  7
22  67
22  78
8  15
20  37
11  42
10  68
22  66
4  58
13  26
1  58
11  35
28  17
20  80
26  19
22  16
15  13
3  61
18  29
5  73
28  61
20  88
6  39
22  24
12  58
29  29
15  19
26  73
27  71
2  72
17  36
26  34
3  88
12  34
6  41
24  19
8  59
11  83
17  8
11  15
25  81
12  13
12  67
20  73
21  85
17  79
9  86
22  63
23  27
16  31
7  46
14  10
17  18
21  70
28  43
21  28
25  82
18  8
10  38
8  16
3  22
19  73
15  35
11  52
2  3
29  24
13  72
14  33
9  55
10  15
27  67
13  73
11  26
17  88
23  48
14  40
2  71
2  41
13  48
25  20
12  19
26  17
21  35
18  29
29  37
2  72
24  6
22  12
24  12
7  74
20  69
4  79
20  36
20  44
25  82
12  35
17  88
6  21
17  35
2  88
7  33
21  54
1  31
5  57
10  45
10  82
11  33
25  33
25  48
23  46
6  59
10  22
25  14
29  17
15  36
11  80
14  6
29  45
28  2
11  74
9  56
13  75
8  16
27  24
19  7
3  34
21  33
17  55
11  24
22  65
26  74
27  56
5  41
13  24
5  75
9  85
6  34
24  59
6  54
5  74
13  22
6  30
23  22
22  68
26  43
29  73
16  33
23  21
28  77
12  12
10  86
23  85
2  54
15  28
1  87
26  26
27  41
1  4
13  56
22  1
28  74
26  36
27  21
16  66
15  15
1  69
26  72
23  15
8  49
12  3
24  56
15  53
16  11
21  81
20  58
1  56
10  65
1  64
14  3
2  11
16  74
8  23
12  19
14  30
11  39
27  35
16  35
17  53
16  73
10  49
7  7
20  39
17  45
28  39
13  85
7  20
19  3
22  54
4  84
1  6
16  3
19  66
1  13
17  80
26  14
19  87
27  5
20  17
8  66
3  70
14  48
15  66
9  6
2  5
20  31
15  3
19  57
2  2
10  83
12  17
22  55
3  17
15  55
12  83
24  11
21  40
26  65
1  16
22  30
26  58
18  88
29  2
3  6
28  88
11  31
18  13
21  55
16  25
26  8
27  72
20  77
9  59
24  26
13  82
12  71
27  79
23  35
16  70
1  37
18  32
27  46
13  15
29  11
21  36
19  14
13  84
25  67
29  73
5  80
5  76
5  22
2  56
7  13
8  51
7  76
10  46
20  21
8  43
8  30
11  77
16  4
3  3
1  42
20  63
15  80
24  35
24  7
21  75
15  72
20  61
22  4
16  21
1  22
15  29
23  77
8  50
26  38
29  66
13  22
19  57
21  60
15  82
4  53
7  10
5  17
4  65
2  75
15  18
26  71
7  42
7  27
7  37
29  72
16  83
5  26
7  58
4  26
1  77
16  69
1  10
25  53
27  10
24  37
9  17
7  74
27  77
14  13
4  19
13  53
14  77
10  26
26  55
6  36
24  33
26  26
3  63
14  14
25  28
3  85
3  46
6  37
24  58
8  7
21  88
29  59
22  41
23  27
3  61
6  48
2  49
3  72
16  53
26  74
16  84
23  80
2  76
25  74
5  86
13  76
4  7
25  53
4  5
4  16
26  21
9  40
11  25
6  53
11  88
4  35
10  21
5  41
23  73
19  71
27  11
7  48
17  54
16  31
2  44
13  38
8  62
25  58
17  53
3  50
22  27
2  30
22  83
1  5
16  7
27  54
9  39
1  8
13  39
23  77
6  34
2  49
3  51
1  65
22  2
21  62
24  27
19  64
4  58
17  71
21  11
21  85
26  30
29  56
6  7
12  75
28  11
2  76
10  23
27  24
8  75
12  43
22  44
7  76
6  71
5  84
6  72
20  31
15  26
22  35
8  10
8  85
29  60
23  68
5  63
20  77
24  52
7  85
2  49
19  37
1  61
19  15
19  60
20  15
11  17
14  69
9  27
25  87
11  64
10  68
11  63
29  67
7  66
29  9
21  16
19  33
22  88
3  53
26  33
15  43
7  71
4  44
23  31
27  22
17  4
16  88
2  18
22  21
10  8
4  18
16  19
27  26
22  21
1  82
27  28
18  38
24  62
18  1
20  26
29  84
10  42
5  6
14  54
19  81
11  74
11  37
16  63
16  6
10  46
9  41
12  48
13  4
23  4
2  26
3  64
16  78
23  64
13  23
13  21
21  2
24  52
2  14
21  79
3  64
5  73
5  14
25  27
15  33
23  4
12  83
6  13
3  8
25  50
2  2
14  36
23  28
22  3
11  32
26  33
27  52
10  2
5  78
2  15
2  64
17  34
8  64
16  84
28  30
12  66
22  16
23  70
19  59
23  50
5  79
1  47
25  13
23  35
12  69
8  41
27  31
28  27
27  27
28  10
7  53
25  54
7  32
10  9
12  11
20  53
22  64
7  70
13  57
12  58
3  78
24  21
10  57
10  50
21  11
7  75
14  55
10  49
15  4
8  7
17  8
23  49
23  15
11  50
20  67
17  75
21  45
12  7
7  18
27  27
2  10
7  75
17  49
8  87
9  88
4  69
11  62
7  9
7  23
4  47
10  79
17  40
5  24
8  66
27  46
19  82
3  28
5  86
10  72
2  37
2  81
27  47
23  9
3  9
11  37
9  16
6  9
22  31
17  40
6  68
11  17
20  20
27  62
19  31
10  78
13  38
22  2
11  57
3  45
18  85
11  28
8  42
25  53
3  19
7  11
3  71
4  15
22  20
22  83
15  35
14  49
23  54
24  72
7  46
21  14
14  50
21  81
19  73
17  71
23  16
2  5
6  71
24  36
19  6
27  56
13  46
6  19
5  50
2  55
19  19
22  56
27  75
25  79
16  33
11  83
21  43
16  17
1  42
13  45
29  47
14  1
14  3
13  42
5  60
11  18
5  76
16  15
23  44
20  51
2  29
22  13
28  55
11  12
22  58
7  60
11  42
22  25
24  64
28  32
12  75
18  69
15  5
10  79
16  1
24  56
6  43
7  73
24  16
20  74
8  28
6  78
19  19
22  85
18  71
2  43
3  56
17  61
10  73
26  36
20  63
23  35
7  13
4  83
19  82
16  69
16  28
26  15
3  78
1  56
12  69
7  21
21  56
17  86
5  46
6  75
10  81
27  31
13  16
14  87
1  66
26  20
27  78
6  51
21  64
1  46
22  46
17  36
28  24
20  35
8  30
8  38
28  59
17  73
10  79
10  57
27  3
7  9
19  78
14  71
8  76
21  5
17  13
8  51
16  12
9  65
24  38
8  66
19  58
22  53
24  64
7  45
19  58
16  56
28  31
8  77
9  54
12  22
6  80
28  21
18  78
22  67
17  65
16  4
13  33
14  54
12  37
28  55
17  57
24  30
25  54
13  82
15  43
4  8
3  17
8  72
23  68
6  30
11  45
14  86
7  52
2  40
20  19
26  28
26  46
22  15
18  31
28  83
23  70
7  76
24  29
17  47
28  73
21  77
3  84
11  85
11  88
1  56
13  22
14  38
19  20
12  30
2  37
15  82
16  19
18  41
24  7
9  54
27  65
17  37
16  59
5  86
29  55
17  18
21  33
17  58
6  64
8  23
16  70
14  37
3  54
19  24
4  53
12  8
27  9
7  1
29  38
1  35
6  7
25  25
19  82
21  21
14  4
13  48
24  12
7  14
15  44
5  24
11  41
18  51
26  75
12  62
21  24
7  2
21  68
28  10
27  19
23  57
27  86
18  10
7  28
13  27
5  24
28  27
10  8
1  74
21  54
20  40
16  47
18  61
14  48
29  80
10  65
17  51
17  50
16  3
12  1
13  22
21  14
23  69
22  78
15  9
8  11
6  82
26  61
21  58
25  33
4  79
4  15
19  8
22  50
3  71
6  41
11  77
17  66
10  19
17  30
3  60
19  48
9  64
26  63
2  59
25  74
5  77
10  51
18  50
16  84
5  41
27  62
23  58
16  41
7  17
21  78
13  23
10  40
21  31
28  48
21  86
24  8
29  3
15  79
11  31
6  19
12  54
1  45
23  51
1  30
29  42
8  88
5  86
24  15
27  43
2  46
29  78
28  69
28  80
8  72
18  41
25  44
19  57
22  50
24  34
19  6
21  66
10  33
23  5
5  42
9  79
28  59
25  86
8  55
24  14
21  26
10  46
28  65
27  39
8  25
12  5
9  27
4  46
11  28
29  16
4  11
5  87
24  12
12  4
3  58
13  17
11  9
18  40
2  24
10  84
24  5
13  7
16  43
5  66
10  39
24  27
27  48
29  9
28  45
20  43
25  80
25  78
3  80
21  69
14  52
28  75
9  3
8  68
17  57
5  17
29  4
14  42
22  61
5  62
28  17
27  38
20  63
3  56
26  20
25  64
5  2
2  40
18  39
7  55
22  66
25  24
25  88
16  81
26  13
25  20
19  22
22  11
28  74
24  84
6  25
24  12
26  53
10  8
4  85
26  6
11  81
24  34
5  47
7  37
5  43
4  63
6  46
18  13
11  30
19  54
12  11
9  39
14  25
1  14
8  65
8  44
29  74
1  52
24  37
11  56
12  54
13  58
8  86
28  48
21  5
9  81
22  5
8  4
2  10
14  55
23  30
15  77
24  81
16  33
1  29
21  79
10  31
11  74
23  10
22  40
25  53
26  73
11  61
11  54
4  45
10  63
20  33
13  29
12  3
12  70
25  60
3  22
6  76
21  3
23  21
27  57
16  57
26  51
13  21
2  19
4  77
8  49
11  30
1  24
9  58
24  54
9  78
17  34
18  32
10  87
16  12
7  79
5  30
12  19
27  65
4  38
18  6
26  10
9  17
11  58
9  45
26  30
13  79
19  61
20  39
2  77
10  35
14  54
24  71
12  36
6  47
13  67
26  29
23  53
25  21
14  7
14  5
16  66
14  82
26  60
26  78
29  79
22  30
17  42
25  40
28  27
16  9
3  30
21  76
22  15
10  47
15  43
22  8
5  20
18  77
28  36
29  48
23  41
25  41
24  87
11  53
8  43
14  53
22  59
13  25
25  43
13  19
24  26
4  57
21  27
26  50
18  71
10  17
9  88
8  87
19  41
10  67
3  81
6  13
9  14
23  40
12  14
26  53
4  72
3  52
2  65
24  70
16  43
14  70
27  40
7  29
26  52
28  5
23  32
20  61
6  83
27  67
18  11
5  41
6  9
8  6
21  42
7  84
16  18
27  17
23  20
24  23
1  76
15  39
18  53
20  59
9  46
23  24
3  39
18  34
4  25
16  25
10  84
16  82
2  42
5  65
19  24
4  25
11  69
24  62
28  59
18  73
3  51
15  75
6  69
19  37
23  36
27  36
23  48
7  10
20  77
14  15
8  81
1  63
6  59
10  4
19  79
6  20
24  46
16  70
1  82
26  86
1  39
6  16
27  52
14  65
13  57
5  80
3  11
1  36
16  83
8  79
18  28
12  56
16  35
4  23
18  57
2  81
22  20
15  83
25  68
6  19
3  49
6  1
7  81
26  37
4  87
20  3
8  63
16  41
3  38
8  57
6  71
25  25
6  80
27  80
14  3
29  19
16  32
15  86
10  48
22  6
21  52
9  66
5  36
12  18
6  19
27  48
19  16
10  27
1  47
25  83
14  6
4  46
28  4
28  17
22  19
28  34
22  62
28  10
3  78
24  56
5  7
29  65
3  63
1  3
10  54
3  8
19  32
11  81
18  32
15  64
2  55
26  71
21  74
14  86
17  81
5  79
12  12
4  7
22  40
14  13
29  31
24  52
21  62
1  21
7  47
24  14
28  79
11  55
2  2
6  27
2  66
3  83
22  63
16  78
15  72
7  77
4  24
17  26
13  75
17  17
23  7
9  63
17  88
1  15
12  4
9  20
1  13
27  40
17  12
6  10
21  3
18  14
12  67
12  15
9  4
6  80
1  83
12  32
24  5
27  19
13  58
7  45
12  29
12  65
18  32
14  48
21  4
10  53
24  21
23  13
27  36
13  85
2  55
27  35
11  19
18  86
17  34
26  10
28  55
10  43
27  13
21  67
14  48
21  14
21  43
9  10
27  40
27  5
20  23
5  63
23  70
25  46
19  30
1  39
9  22
20  2
14  64
17  7
27  74
25  53
19  79
24  34
20  76
21  4
4  47
28  13
6  33
25  53
17  20
14  57
18  31
18  2
13  30
12  17
7  78
16  62
29  79
16  31
10  43
18  45
24  59
13  35
8  64
20  24
27  30
25  43
15  5
24  30
17  81
4  68
21  50
20  52
12  78
26  55
27  9
22  14
8  47
1  84
28  24
13  82
3  42
6  74
16  29
7  84
21  7
7  44
26  63
5  68
1  31
3  37
15  11
12  65
13  31
24  52
6  13
20  49
19  42
16  57
11  66
27  38
2  66
27  45
18  44
1  34
26  8
13  13
6  77
25  3
2  23
16  24
19  66
12  15
9  12
17  52
19  25
8  8
5  88
4  76
21  43
26  25
3  68
28  60
16  58
25  55
20  11
22  82
15  11
23  81
12  51
24  7
14  21
20  32
4  12
7  4
2  40
2  15
9  22
1  13
3  87
21  27
4  47
24  48
5  21
21  35
18  67
23  30
28  59
26  72
7  81
21  9
25  32
10  14
28  76
15  52
3  23
29  9
8  55
28  14
17  52
10  17
20  7
16  70
8  46
9  61
18  77
23  56
15  46
14  19
19  9
23  14
23  30
12  70
24  47
21  71
14  11
13  62
15  53
25  58
20  51
10  19
10  26
22  11
18  23
6  2
12  41
15  53
17  82
13  14
16  67
23  46
7  71
25  15
7  16
4  63
11  22
8  62
12  54
17  40
8  47
9  78
12  72
22  7
5  20
27  45
6  88
22  18
22  3
13  64
6  44
15  87
15  82
25  82
3  60
23  75
15  73
10  5
20  17
19  64
22  11
27  86
24  88
16  68
26  44
23  29
16  61
23  40
1  19
23  2
11  56
26  86
1  73
22  41
15  26
2  18
10  56
8  22
22  56
24  82
21  61
13  25
4  79
2  46
27  62
9  19
1  13
24  7
9  44
15  23
4  22
17  43
12  74
14  1
28  76
4  63
14  67
14  17
6  54
8  75
6  79
18  1
29  41
25  82
20  46
19  66
21  65
14  30
21  3
13  51
5  25
18  71
10  42
24  9
10  70
8  85
5  65
13  15
25  71
20  49
29  2
10  64
15  71
24  72
26  47
22  55
7  33
21  23
19  76
15  77
3  19
21  23
17  1
22  3
9  3
13  66
23  45
26  3
10  68
6  28
26  11
8  19
9  82
24  26
4  72
17  49
20  81
6  45
25  74
11  55
6  9
25  40
25  2
21  24
15  36
19  62
23  51
25  9
13  62
1  36
21  40
24  48
2  12
10  4
6  17
25  32
5  13
25  87
26  54
5  51
4  67
25  2
9  66
1  53
2  42
26  66
4  56
3  23
28  80
28  55
25  1
23  26
29  67
1  84
9  60
28  87
21  45
3  44
22  36
14  29
3  3
13  78
14  21
10  58
21  49
9  26
8  87
4  64
19  31
28  82
26  9
14  58
12  79
26  65
24  62
13  12
2  44
8  23
10  59
22  69
15  59
3  42
15  54
6  40
9  85
16  45
9  88
1  54
5  19
11  52
13  68
15  53
24  56
2  30
20  77
6  20
6  42
8  50
5  43
24  76
17  33
26  65
22  22
5  48
5  38
16  66
22  9
17  77
3  85
19  48
7  80
21  82
17  27
10  30
23  65
28  25
18  7
29  3
4  39
9  83
9  20
6  77
11  82
28  39
24  77
29  2
23  63
4  84
27  8
26  42
29  13
7  66
18  3
7  30
24  37
19  5
3  50
19  59
21  26
19  57
6  14
2  88
1  39
19  86
18  6
15  35
1  75
4  45
17  2
28  55
5  23
5  40
12  34
6  8
13  5
12  61
15  3
25  20
24  51
12  84
24  1
15  83
6  38
18  60
18  46
24  32
17  15
10  81
14  1
14  38
5  73
26  72
18  39
6  76
24  40
15  73
26  62
3  49
27  10
22  12
29  36
21  7
12  73
9  4
14  28
2  27
25  47
10  70
21  24
23  43
13  81
5  34
23  15
17  78
26  20
25  25
8  48
6  31
8  75
29  45
19  61
23  66
16  62
8  83
23  73
6  77
9  83
17  67
8  18
7  88
13  64
23  78
14  15
11  37
8  70
28  79
8  9
8  48
3  80
8  58
10  22
17  71
16  17
8  32
26  57
24  18
5  65
25  88
2  75
29  67
26  8
22  47
5  45
9  71
5  49
17  73
28  43
13  19
5  48
26  77
26  26
1  88
18  84
20  12
15  41
25  39
14  77
5  73
14  3
6  29
17  22
17  66
6  27
17  80
17  11
17  21
6  71
12  79
15  84
3  36
27  46
29  53
14  32
29  17
1  17
16  85
20  2
8  50
20  36
28  31
10  47
1  69
22  38
17  74
10  86
6  44
20  52
21  23
18  78
29  10
24  9
9  68
12  74
6  52
8  1
4  22
18  24
5  49
26  41
17  5
12  53
14  2
26  73
17  11
10  42
24  81
15  49
15  13
2  2
28  77
2  6
27  88
2  57
4  45
6  38
11  12
2  30
22  16
16  87
20  84
29  25
20  59
21  84
22  44
17  13
10  10
22  71
3  73
19  70
25  52
16  47
26  44
11  52
7  59
7  12
12  15
2  22
23  49
2  45
19  61
15  15
24  12
16  64
14  22
10  76
12  35
29  26
1  8
22  36
6  23
7  10
20  6
4  22
2  42
15  42
18  69
19  86
8  50
17  69
14  65
14  87
28  46
22  2
3  76
17  49
15  7
24  55
25  31
17  52
24  88
27  78
28  31
16  67
24  31
14  11
9  80
24  74
14  1
19  83
12  21
19  48
18  65
24  29
25  53
26  29
12  81
9  53
9  79
16  44
27  14
20  76
12  63
2  66
25  80
11  8
9  78
12  84
19  23
27  58
28  13
9  29
10  15
22  74
24  17
10  77
13  4
2  85
28  33
23  82
2  38
22  23
5  75
10  26
13  46
24  25
26  34
28  63
27  6
20  51
14  82
23  9
17  37
27  26
7  49
27  71
4  32
2  3
22  40
14  62
25  34
17  69
12  8
2  79
5  4
28  75
6  77
26  13
14  84
3  47
28  62
1  20
15  10
5  80
28  82
20  19
14  46
4  84
10  83
21  58
26  19
20  78
3  38
11  84
18  55
8  88
11  65
10  78
1  16
12  74
12  36
11  29
8  63
26  17
28  72
19  4
5  8
4  32
6  2
8  19
13  64
27  2
19  32
13  24
7  21
24  29
2  82
1  26
29  41
5  48
12  42
11  80
10  79
21  5
13  28
11  21
16  4
3  47
1  86
26  55
28  23
13  45
6  16
24  75
15  32
3  69
10  77
26  34
7  52
7  49
9  32
25  39
23  15
12  20
15  31
19  14
4  80
17  22
20  75
27  70
11  48
28  67
14  54
9  16
9  58
10  24
4  43
23  61
10  52
2  22
19  64
17  50
26  36
13  36
8  62
1  71
2  84
28  48
16  31
27  51
20  79
28  70
9  23
5  66
10  88
13  47
14  12
14  39
1  41
20  35
11  46
16  73
18  73
28  31
14  70
6  57
26  61
6  31
13  26
27  10
2  56
6  53
24  31
8  16
22  25
9  71
15  37
16  33
5  3
28  4
11  15
19  70
27  32
21  87
23  8
25  10
6  53
20  42
17  38
9  49
27  74
11  84
1  65
24  74
28  6
2  51
29  36
19  45
25  54
20  58
19  75
5  70
25  46
25  36
23  27
16  87
16  54
19  14
29  54
14  17
14  86
19  8
11  11
28  19
22  57
11  52
21  49
10  33
14  29
20  13
29  29
5  54
16  49
16  1
27  6
7  73
14  14
21  23
18  40
19  76
6  14
2  65
17  53
23  39
12  64
14  83
3  37
27  1
11  65
5  25
22  39
14  87
10  59
24  76
2  5
19  34
4  41
25  5
9  84
23  29
1  49
28  72
4  56
8  37
24  56
7  34
11  4
28  79
4  25
19  67
10  32
3  20
3  46
22  53
15  32
5  23
13  4
13  58
5  3
15  61
8  3
1  49
4  41
27  27
26  4
4  49
26  52
22  4
16  56
7  35
1  7
19  80
8  63
8  68
1  66
25  21
22  86
12  88
29  43
10  50
3  87
8  72
7  29
24  62
3  29
8  84
27  68
19  53
15  12
29  81
10  15
9  3
25  45
3  4
19  61
21  6
23  63
19  85
5  88
26  47
5  39
15  5
28  44
27  49
29  8
1  47
1  16
27  32
29  83
24  34
11  3
4  51
13  80
24  36
11  64
18  75
21  11
1  80
25  66
25  25
19  47
19  65
19  64
19  11
26  77
17  4
15  81
19  22
23  46
27  73
12  73
9  21
18  28
7  18
18  82
6  64
29  37
19  67
2  83
16  22
21  31
16  56
7  20
18  51
29  53
13  1
9  47
8  33
4  32
1  8
29  56
8  83
2  13
3  80
6  70
7  53
24  85
20  88
20  31
17  29
20  56
11  86
25  47
11  45
22  57
20  4
28  57
27  70
23  45
14  62
4  83
15  85
13  51
27  41
17  70
22  33
29  84
19  45
2  12
17  18
1  36
27  12
10  32
5  51
23  47
12  72
7  1
5  33
16  68
24  72
10  14
16  58
23  85
25  83
18  82
11  54
16  4
28  42
23  17
21  1
4  71
21  66
21  81
20  62
23  77
20  24
18  34
26  13
24  47
6  58
24  78
19  69
4  79
1  44
27  49
22  74
18  75
12  80
4  57
29  64
24  66
2  76
6  38
20  5
1  29
1  16
16  27
10  42
29  23
18  29
13  50
11  50
19  5
26  70
26  20
28  18
27  39
18  10
23  6
21  23
12  84
2  31
5  29
6  10
27  33
29  56
10  83
29  14
20  66
26  24
16  70
8  72
8  47
18  60
13  31
29  70
21  64
3  61
24  80
6  64
23  9
11  27
27  13
11  50
2  78
26  10
18  20
23  39
3  71
26  72
26  4
7  55
1  45
12  76
3  49
24  65
1  3
22  48
5  5
24  1
28  85
17  72
13  56
14  83
28  75
10  1
11  49
7  37
29  71
8  2
27  59
8  33
7  34
22  61
28  72
25  56
1  35
9  54
5  80
21  31
12  31
1  82
13  27
10  85
14  41
26  58
22  2
18  3
25  19
3  77
21  74
16  74
13  67
4  40
10  88
20  88
2  7
29  57
4  61
9  51
14  72
27  47
19  19
5  11
11  34
12  36
11  85
21  28
20  42
3  59
29  75
7  49
5  38
28  9
18  59
7  81
18  80
7  55
10  64
11  54
20  35
14  14
14  47
5  81
9  84
19  41
5  84
5  47
17  9
10  62
4  65
10  22
29  45
5  53
23  7
17  47
28  26
22  38
20  59
2  54
13  52
1  55
15  2
16  61
15  36
5  44
23  68
14  84
12  2
14  4
25  20
5  51
23  74
15  82
11  45
10  22
19  48
5  41
5  46
11  8
11  59
25  63
14  63
15  48
15  21
21  10
14  49
21  70
4  8
19  61
23  18
3  38
27  50
3  19
1  30
23  59
22  73
16  3
21  30
13  13
3  48
6  26
19  52
18  19
9  8
1  67
16  37
16  25
24  39
27  82
4  85
1  11
23  76
1  83
17  22
14  31
11  88
21  32
15  17
19  63
1  53
7  48
12  10
28  4
3  51
12  48
5  15
23  11
21  30
17  77
28  42
7  19
3  72
1  64
26  58
9  45
3  5
10  48
26  37
25  26
26  9
3  27
27  41
15  48
15  20
14  60
28  46
26  45
22  54
18  21
2  85
22  10
15  26
19  87
13  51
25  40
16  30
3  37
18  78
17  22
19  1
1  29
2  70
11  40
27  52
4  37
1  29
16  1
16  1
15  25
1  55
7  10
13  14
13  75
16  18
10  16
10  43
27  82
9  39
3  81
4  55
7  83
26  14
13  78
5  78
1  50
4  85
9  51
8  37
25  50
10  50
22  74
11  52
17  40
15  12
6  3
13  2
18  67
13  5
9  47
16  29
12  86
25  34
6  39
3  31
2  60
22  8
21  41
27  17
10  83
6  49
20  3
15  19
23  1
4  5
5  22
3  49
28  82
16  9
8  51
19  7
1  39
2  59
28  17
11  21
14  7
27  26
20  76
22  4
19  73
27  66
23  23
10  79
13  64
24  46
11  27
7  43
2  5
17  60
1  5
27  30
1  80
5  12
7  75
28  10
4  16
10  49
8  63
29  43
29  13
5  37
5  2
8  21
20  60
19  32
6  1
9  38
22  50
21  82
21  76
12  17
21  40
20  4
25  57
5  1
23  77
16  35
3  45
23  57
8  55
4  28
6  11
2  2
6  18
6  8
22  66
26  61
18  6
18  17
10  50
17  4
3  12
17  75
16  15
22  5
23  73
22  76
19  68
15  86
22  66
11  67
21  1
9  49
25  6
28  20
12  62
26  1
29  55
29  65
26  5
11  59
14  32
4  66
2  51
20  46
17  39
21  22
11  62
23  19
21  12
24  31
3  40
15  52
8  48
23  10
11  74
8  40
5  15
27  28
23  65
25  53
21  54
19  21
17  13
14  45
10  4
2  40
10  12
25  1
15  4
25  1
13  43
20  40
17  58
11  45
4  85
18  88
25  73
10  77
11  9
1  51
29  51
27  18
17  71
14  28
25  8
13  42
6  27
22  47
28  52
10  65
11  24
10  11
25  69
19  72
28  78
12  67
11  19
5  34
25  13
14  40
24  14
16  33
4  47
29  40
11  11
21  61
10  41
9  2
26  23
26  4
13  41
3  39
10  17
15  26
14  33
14  42
1  36
17  11
14  26
1  48
14  66
27  35
2  26
2  73
8  81
18  5
16  62
6  68
7  2
24  64
24  32
11  54
10  68
28  19
22  65
17  59
19  37
8  50
15  87
16  35
29  17
18  13
7  56
27  78
13  32
6  64
16  85
1  24
2  12
11  53
14  7
3  37
8  32
4  67
3  61
12  77
27  9
27  58
6  44
3  57
1  88
13  76
29  44
13  43
4  14
23  45
22  9
6  18
20  39
26  76
25  47
27  27
9  31
2  31
22  45
3  72
8  23
6  74
29  59
3  61
9  32
24  32
27  35
19  45
5  86
25  24
22  2
11  65
4  62
15  1
27  56
8  33
11  87
27  61
15  67
1  32
23  69
12  81
23  16
9  19
2  41
6  3
7  34
9  58
16  25
8  2
1  56
23  6
1  54
22  26
1  43
11  81
3  88
23  61
13  77
14  16
2  52
22  50
27  50
3  84
18  78
4  16
3  50
23  12
2  87
14  75
12  5
9  59
29  79
18  30
19  53
25  64
13  3
24  15
24  55
14  65
7  48
5  31
4  57
23  54
18  77
26  62
6  53
26  84
1  69
17  58
17  44
15  46
8  34
24  8
20  52
1  61
22  18
25  33
15  18
22  65
3  70
27  7
27  88
22  54
6  13
26  44
27  79
16  16
25  61
10  17
4  21
22  62
14  66
24  76
24  1
26  58
3  68
26  24
2  81
21  46
3  13
25  73
28  34
18  72
17  80
18  21
2  72
19  46
24  11
26  3
10  73
11  43
11  61
24  79
29  5
17  64
10  80
27  4
16  56
12  19
12  23
28  31
29  54
23  18
28  25
15  59
9  14
11  40
22  44
5  71
15  88
8  7
15  66
7  57
23  86
4  28
5  63
3  38
5  86
13  14
20  80
12  22
5  77
26  79
21  44
1  52
29  13
2  64
28  15
18  84
23  39
26  73
17  10
12  19
13  41
1  78
18  36
10  50
25  42
3  34
27  19
19  75
3  56
22  16
27  43
25  74
22  24
10  52
9  77
15  4
15  78
17  62
15  80
29  26
27  8
3  70
24  52
8  71
2  38
27  8
21  42
17  53
28  85
20  58
20  36
24  36
2  55
3  33
10  74
19  43
17  11
17  23
24  43
16  84
29  43
28  23
8  24
28  68
21  64
7  62
24  4
12  15
21  8
26  68
11  77
23  24
18  88
5  49
4  4
15  7
20  2
20  48
28  9
20  8
23  64
9  6
5  47
25  42
12  78
13  43
21  69
27  45
19  67
21  71
5  11
1  26
16  8
2  38
6  41
1  23
8  87
3  44
25  27
28  80
6  84
19  49
17  62
28  22
26  71
6  22
16  12
10  43
21  80
23  54
9  36
4  20
13  9
13  61
2  58
19  13
21  71
26  4
12  45
4  64
15  73
5  2
8  19
22  62
5  79
15  60
11  54
26  67
21  83
23  69
11  58
5  86
7  19
1  38
4  84
3  30
25  68
3  39
24  52
20  29
21  88
18  51
8  43
1  81
2  1
21  88
24  21
8  77
15  43
25  28
15  16
10  4
25  13
29  48
15  83
13  30
4  80
15  56
18  55
3  65
29  22
1  1
26  41
2  25
7  11
26  2
20  85
15  7
6  23
15  27
3  52
19  77
18  18
4  64
19  22
21  47
5  70
25  61
10  24
28  67
6  33
15  43
14  63
12  65
13  71
15  18
10  27
14  12
9  19
19  53
13  20
12  55
19  39
22  80
15  48
27  16
29  14
26  20
22  42
15  40
5  73
28  74
19  44
12  41
27  39
16  51
21  62
27  62
17  26
26  62
21  83
19  21
26  24
3  81
20  19
2  64
16  8
9  30
13  67
2  47
21  40
4  48
18  46
6  47
11  45
14  27
8  23
25  6
1  67
8  86
28  44
23  67
17  64
16  84
16  68
12  74
26  61
3  46
17  25
25  54
14  36
12  34
6  87
2  45
16  18
2  79
27  18
17  71
21  70
6  86
22  83
9  71
23  56
18  66
8  44
4  80
26  10
22  40
25  86
13  56
27  18
21  87
8  74
23  47
6  62
18  73
9  21
19  73
11  13
14  16
10  41
11  47
23  84
9  25
27  10
26  34
21  22
10  28
10  70
6  48
10  51
18  57
2  44
12  28
22  49
9  75
8  21
22  73
17  69
23  17
27  54
10  31
14  83
29  72
25  19
18  21
4  57
12  57
4  77
12  20
17  48
12  81
1  53
16  2
14  10
11  83
23  78
15  44
24  29
6  47
7  62
17  58
2  53
8  23
6  13
22  22
4  77
1  60
14  27
6  68
18  55
26  68
3  70
1  51
14  14
26  55
8  1
29  43
20  67
6  69
7  70
8  13
14  69
23  57
10  5
20  45
6  63
7  40
6  66
26  27
2  37
17  34
20  66
3  53
11  38
20  16
11  53
4  13
29  51
5  20
1  13
18  33
15  54
3  59
14  37
15  37
1  12
9  29
23  27
3  42
29  27
29  75
4  71
25  35
8  12
6  56
5  81
3  10
29  25
3  49
19  37
1  47
28  39
11  28
17  10
22  33
9  77
16  60
4  30
15  18
14  83
11  74
7  43
24  38
28  20
4  53
9  13
9  12
23  83
27  19
1  74
25  35
13  73
24  13
24  48
16  38
8  37
6  78
11  73
22  88
21  18
12  52
19  33
14  32
11  20
8  69
12  30
20  78
5  74
11  59
6  55
27  35
15  37
7  80
17  38
1  12
26  79
17  50
3  13
9  40
13  29
20  56
29  44
18  21
9  61
6  42
25  25
16  70
20  72
9  20
6  45
29  79
11  32
15  75
27  62
28  6
15  67
26  86
25  31
2  36
16  77
10  37
4  32
21  2
18  17
10  77
10  20
1  20
1  49
2  82
10  54
13  80
17  33
16  35
14  74
15  71
6  7
5  26
16  2
1  27
4  53
25  81
24  38
5  7
28  45
23  69
23  66
10  26
1  59
7  85
6  19
12  43
26  71
9  27
24  42
28  30
25  80
20  26
3  87
10  45
25  17
10  78
4  30
20  79
9  23
19  70
11  37
25  11
28  16
7  29
10  59
23  29
4  77
26  60
5  58
5  88
12  40
15  81
26  22
5  82
22  70
21  52
22  52
14  4
2  6
9  84
14  43
4  22
23  8
17  77
14  45
28  54
18  39
19  52
1  54
2  18
3  54
15  24
29  20
20  33
25  70
4  35
18  37
23  21
17  62
11  87
2  83
26  75
15  65
13  33
6  11
28  64
8  19
26  1
26  8
18  77
10  36
12  63
26  44
24  76
10  59
3  7
5  24
10  25
29  67
24  78
11  39
9  66
21  65
24  42
25  54
6  15
25  51
16  36
16  86
26  65
24  82
2  73
5  8
23  30
2  80
10  5
18  31
24  43
25  2
21  62
25  33
13  40
2  47
17  62
21  46
17  24
11  47
24  49
7  47
13  21
6  77
8  50
25  8
28  7
11  53
29  34
6  85
14  78
6  13
6  1
10  40
3  59
10  7
24  66
13  9
9  43
5  85
11  59
15  4
29  75
15  68
8  74
18  38
14  44
16  25
1  40
14  64
28  88
22  6
8  9
6  74
10  51
11  5
29  34
1  88
21  10
13  51
18  73
12  8
24  87
8  22
1  49
26  74
11  58
5  31
23  34
23  46
21  33
26  57
25  4
15  25
16  64
18  63
16  85
25  55
1  41
2  81
1  30
22  74
8  29
5  55
16  65
29  1
29  49
4  76
25  85
18  41
2  26
14  84
12  32
10  48
16  64
5  45
4  83
7  28
14  22
4  81
17  2
13  47
7  79
9  34
3  81
20  86
27  59
27  21
2  87
29  69
13  55
9  63
6  62
5  44
22  72
24  42
2  40
17  76
1  80
29  8
14  67
7  34
2  71
13  38
28  78
9  27
13  3
15  11
6  41
20  86
12  47
13  86
18  8
8  61
2  31
22  42
24  88
6  83
11  34
5  4
23  16
9  54
13  7
5  11
5  65
3  6
13  24
27  15
24  14
7  4
25  33
5  83
17  84
19  19
26  40
5  51
20  51
15  26
15  55
2  46
17  74
29  24
21  29
26  76
6  62
24  22
23  33
10  48
13  3
26  16
8  14
19  6
7  17
19  4
19  71
23  38
16  64
24  8
20  44
28  87
17  43
28  15
8  2
24  36
21  81
17  29
17  72
20  34
26  62
16  22
21  52
17  71
17  38
5  66
8  9
19  36
18  27
3  84
18  3
22  60
19  17
26  85
16  48
16  74
25  64
16  5
21  32
16  54
23  33
12  3
19  38
23  72
18  24
14  7
3  5
3  67
20  88
8  14
27  76
6  43
6  18
8  78
8  10
5  39
18  69
19  21
2  17
29  55
11  78
8  13
3  46
5  30
27  50
3  67
7  15
9  48
29  71
1  67
1  43
13  53
16  38
2  21
4  85
11  20
10  75
4  27
2  73
24  56
21  35
10  40
22  85
10  62
8  44
25  25
10  65
13  84
10  8
3  39
29  79
8  3
20  25
3  43
19  11
1  38
3  54
22  1
18  83
1  64
23  5
19  21
20  31
25  17
27  86
5  80
18  65
28  66
25  38
15  19
24  22
25  67
23  32
25  33
23  35
3  3
22  5
6  33
27  41
27  24
20  37
25  34
20  41
6  82
12  12
2  53
26  32
5  36
6  85
6  6
24  60
7  27
9  73
28  19
29  84
19  12
27  73
2  34
25  19
18  81
12  7
18  71
19  76
29  69
22  73
13  75
16  63
24  83
11  54
7  5
23  3
23  50
3  70
27  29
1  81
24  83
14  61
15  19
11  71
8  9
7  80
3  68
25  10
28  47
14  77
18  53
27  2
15  13
22  47
17  29
15  25
17  67
25  16
3  23
8  28
24  76
11  69
2  21
7  32
20  60
19  85
28  70
22  21
16  18
10  1
24  88
17  86
13  22
4  53
3  85
28  39
19  51
1  21
18  58
25  61
23  14
7  73
22  75
18  49
23  44
19  56
25  24
2  37
10  87
17  48
2  83
22  52
4  26
26  12
25  31
11  78
6  80
25  20
23  18
29  9
1  88
8  40
17  59
5  88
28  19
20  5
4  12
13  80
19  4
13  54
29  48
5  21
14  14
15  43
17  46
13  65
14  73
21  21
26  83
5  21
8  6
14  39
10  44
29  38
3  5
15  6
22  65
3  88
5  77
11  58
15  58
23  22
7  20
17  34
17  54
21  48
13  26
1  67
12  30
3  26
4  19
28  1
17  46
21  75
8  9
9  20
2  60
8  35
7  69
25  36
29  87
22  43
1  62
24  37
1  56
19  88
26  71
6  28
16  28
1  1
29  69
23  63
16  79
18  84
14  23
12  15
25  1
26  76
13  68
25  81
27  53
6  61
17  63
6  40
13  45
8  86
20  70
23  13
1  7
26  29
11  78
29  87
7  58
21  38
7  88
18  18
4  25
12  36
1  87
28  36
23  54
14  22
2  47
17  43
18  16
5  19
26  47
4  56
26  85
28  61
15  15
4  70
1  64
14  73
8  83
9  82
17  27
1  5
19  53
2  20
8  45
4  81
7  54
5  61
5  14
26  6
13  69
25  79
11  78
19  41
19  21
13  31
14  57
10  88
1  51
21  14
5  84
5  11
5  70
15  75
6  24
14  12
7  29
15  42
5  14
22  71
11  4
23  15
9  66
13  74
3  54
20  51
8  56
23  62
22  43
18  54
10  81
16  75
4  68
22  74
10  62
13  71
13  82
25  86
28  75
7  15
22  26
22  16
7  85
9  28
19  3
23  9
9  60
6  56
10  5
24  77
3  9
23  78
15  3
5  16
19  41
29  20
7  82
3  73
3  87
13  83
26  7
5  2
15  13
14  37
5  20
20  37
25  3
8  30
10  4
17  64
28  54
16  20
1  2
9  50
23  50
14  23
27  21
2  43
14  64
24  40
6  47
14  55
14  41
16  21
4  56
2  59
14  71
22  3
9  31
5  86
8  34
8  58
3  49
11  33
14  9
14  61
4  15
14  87
25  5
23  71
11  68
8  53
28  49
26  86
7  77
6  34
18  12
20  82
25  54
16  16
5  52
24  62
4  43
28  80
18  44
19  22
11  76
12  42
7  78
3  24
7  79
28  66
3  82
23  59
18  41
17  75
5  77
12  65
16  53
26  16
29  42
20  32
7  19
7  77
2  12
23  53
29  17
16  10
4  73
29  63
22  54
18  71
24  72
1  26
22  57
26  49
23  43
1  8
2  62
12  27
23  22
10  49
6  48
6  85
23  29
3  4
16  15
10  33
16  9
23  67
28  84
9  72
3  83
3  67
9  64
9  64
7  55
5  64
17  32
15  1
2  2
21  69
9  19
12  82
5  68
23  34
9  1
13  16
16  23
21  67
7  61
27  16
2  85
24  7
21  36
9  40
27  21
24  6
20  4
6  9
8  13
8  50
23  21
6  31
11  17
11  62
15  11
21  38
12  74
6  18
10  1
1  71
7  8
5  12
8  78
18  57
23  81
20  63
12  20
25  15
25  14
25  63
13  19
27  8
26  12
18  3
11  10
20  73
7  32
12  50
24  22
3  29
22  34
23  86
11  9
26  29
16  42
29  75
12  60
27  40
5  14
29  88
29  60
5  28
24  74
24  84
24  56
24  58
8  53
27  66
19  56
20  85
4  66
6  5
5  7
18  19
21  68
27  84
25  2
21  34
28  56
3  38
11  7
26  28
5  14
23  7
10  30
13  67
2  72
8  1
23  51
4  44
29  41
26  3
27  73
17  72
3  79
8  13
18  79
3  86
24  58
15  41
29  63
16  58
8  66
10  75
1  1
1  17
14  11
10  34
8  12
23  66
5  4
27  12
6  53
19  5
29  43
14  29
6  6
6  79
10  58
15  16
3  32
3  44
21  53
2  3
11  16
4  3
28  65
25  79
19  61
23  22
22  46
15  86
25  55
21  54
7  54
23  67
6  42
28  10
23  83
26  21
15  88
8  33
27  4
22  51
8  82
9  42
2  40
10  40
21  72
5  35
27  16
19  80
29  27
17  23
5  17
29  73
7  57
5  30
5  15
29  51
21  81
28  56
10  83
29  24
15  18
19  25
10  6
20  36
23  32
6  6
21  67
10  5
14  79
9  15
23  56
1  3
18  29
16  59
8  77
24  57
7  36
18  22
1  50
11  9
26  77
18  29
21  37
15  68
20  85
14  87
2  57
19  55
12  3
24  54
12  72
6  71
28  47
28  36
16  26
23  54
14  85
26  78
26  83
17  18
13  47
11  84
23  16
7  28
13  70
7  54
7  58
19  70
13  18
5  80
22  25
13  20
9  44
29  70
5  49
13  36
9  67
17  64
28  32
13  37
9  75
12  23
24  69
19  83
2  47
13  29
26  58
25  49
17  55
16  9
16  59
17  4
26  58
17  24
5  61
1  14
15  85
23  4
14  79
23  73
5  18
16  81
6  51
16  71
4  74
1  2
7  53
3  16
5  50
25  56
6  50
25  84
2  49
14  35
16  18
26  20
28  8
6  30
1  23
26  37
1  8
9  30
3  27
9  44
18  31
25  67
6  29
25  18
27  3
6  14
15  4
14  57
27  4
1  49
22  18
13  60
26  62
13  25
19  73
4  67
18  12
2  23
20  25
10  52
10  30
5  2
26  48
13  74
29  19
10  14
3  79
7  66
9  63
15  15
26  67
22  25
13  86
27  14
14  66
12  22
2  54
18  58
6  33
21  85
14  1
27  40
12  76
23  18
13  16
24  36
6  78
19  18
10  56
29  21
29  3
17  61
7  72
23  44
11  29
13  46
14  25
14  36
1  20
9  32
26  36
1  67
8  4
1  82
29  39
17  7
24  18
2  20
12  40
2  66
6  47
5  48
19  39
14  62
10  43
17  33
15  16
12  1
11  50
23  62
18  54
24  2
24  18
23  79
14  1
25  81
15  35
28  46
8  32
2  26
12  61
9  72
4  47
3  42
25  77
23  41
3  82
28  48
6  15
25  35
8  39
5  53
25  12
16  87
7  56
12  44
12  22
9  25
24  38
27  50
27  31
1  72
21  70
23  62
17  21
29  83
28  64
4  66
17  72
26  20
3  10
15  63
25  42
7  80
16  1
21  37
22  21
17  69
20  79
12  88
14  32
21  27
23  21
7  43
29  2
26  75
21  43
3  25
18  53
5  2
9  50
17  22
24  52
10  54
11  57
8  10
11  28
16  87
18  29
12  13
25  6
21  7
25  30
15  28
23  11
29  2
19  88
7  66
8  54
25  86
17  71
20  15
23  69
1  12
2  41
24  4
8  48
3  84
5  24
25  52
18  24
28  20
21  37
16  5
4  1
13  26
8  13
5  76
4  63
25  21
29  16
25  12
8  28
28  71
19  28
20  7
3  72
6  5
11  61
10  18
18  7
27  69
9  64
13  37
18  31
29  22
5  43
3  73
26  54
24  3
9  15
27  87
28  47
22  64
11  62
28  79
6  46
28  59
6  68
19  6
18  47
23  35
2  65
26  62
8  82
29  44
27  60
17  58
27  58
8  49
15  57
19  14
18  80
26  72
11  12
13  43
20  60
21  33
7  12
7  48
24  28
23  15
28  16
7  73
6  75
27  12
17  20
21  60
24  19
28  41
5  53
13  39
24  2
1  27
23  24
16  75
22  24
20  38
18  70
16  11
9  23
7  6
6  51
22  69
16  57
22  88
9  26
6  31
3  13
9  5
27  18
29  26
14  27
7  71
19  75
28  75
5  50
14  50
29  1
27  20
4  80
18  52
10  40
21  55
20  10
14  12
8  61
11  19
22  39
24  22
10  43
25  68
15  65
16  84
2  35
18  55
11  27
29  86
26  2
16  34
21  67
21  43
21  30
1  72
14  1
29  77
23  9
5  19
22  38
10  9
4  4
4  32
4  6
25  36
21  29
29  46
25  77
10  78
29  9
22  62
17  21
17  82
17  73
18  52
29  78
10  20
28  17
2  12
10  84
6  41
12  60
24  61
11  53
14  26
2  25
18  57
19  87
28  72
28  72
29  74
9  6
6  25
11  85
7  78
22  19
8  9
6  36
10  60
1  45
1  9
3  18
26  68
3  4
5  60
15  82
12  83
12  24
4  76
20  5
6  4
9  14
4  41
22  40
15  71
3  75
19  25
19  18
11  45
1  30
9  16
29  58
19  41
4  2
28  74
29  76
24  88
11  73
10  68
29  61
8  1
2  9
4  46
6  10
2  30
16  58
3  74
1  85
29  9
27  30
26  86
2  39
15  79
25  64
20  70
8  86
19  24
2  5
13  10
24  48
11  4
17  13
26  70
15  30
20  39
25  42
13  68
23  66
27  13
15  23
24  59
12  72
13  70
28  17
15  35
22  24
14  10
1  49
25  46
26  66
21  54
26  24
4  64
24  80
29  37
20  34
12  64
7  87
17  40
20  27
12  28
19  5
21  78
15  20
26  32
24  44
5  11
9  14
3  39
28  13
29  69
28  60
10  48
24  30
19  41
25  45
10  18
13  28
12  66
25  32
18  63
3  57
10  42
14  54
19  20
7  70
21  47
18  83
2  39
7  25
18  15
5  85
10  63
6  80
21  27
5  19
21  32
29  12
19  71
27  38
15  44
27  31
8  88
1  83
15  82
20  37
18  12
4  14
22  33
5  78
3  61
7  39
18  13
21  74
19  6
19  41
15  33
23  19
28  43
18  62
19  43
29  38
23  5
12  27
2  28
27  82
27  44
24  50
8  20
22  86
21  18
13  2
16  57
8  47
1  54
18  1
25  25
12  87
8  14
13  74
15  42
18  54
15  67
6  23
28  49
19  21
3  16
24  79
7  71
1  14
8  75
24  16
17  13
14  29
16  10
20  38
12  81
16  25
23  87
4  81
5  62
18  27
20  28
22  67
12  80
1  76
25  71
16  79
20  21
10  3
27  87
18  11
16  36
16  29
20  60
15  30
13  41
9  67
29  82
15  50
29  31
24  23
20  46
6  66
7  4
10  62
9  15
8  77
22  56
22  6
4  54
4  73
17  69
11  73
12  46
6  40
28  88
7  32
15  60
9  77
5  54
3  17
1  39
15  79
26  47
5  73
23  16
27  29
19  54
5  26
20  75
4  48
15  63
3  6
25  84
2  21
11  23
7  9
12  35
8  23
19  63
7  50
28  40
25  64
28  57
21  18
17  86
22  24
4  73
3  42
3  11
2  76
24  28
8  9
2  14
18  24
17  68
4  12
5  88
18  69
26  65
7  28
14  11
19  27
5  16
20  19
27  85
23  7
1  16
25  54
5  21
14  14
10  64
22  60
21  76
29  64
27  18
23  12
29  86
15  61
22  75
10  43
10  22
12  35
5  56
6  35
2  52
16  85
28  73
6  45
23  18
20  45
9  65
5  7
26  34
10  10
3  43
20  46
2  65
19  82
15  70
3  5
5  63
24  41
29  10
7  59
28  61
3  7
7  88
2  33
14  60
16  46
6  6
27  73
17  28
22  9
8  72
9  40
17  74
9  6
8  15
14  68
9  64
11  12
28  46
7  69
20  8
16  85
14  87
5  24
18  49
2  13
6  1
23  31
13  40
1  24
21  45
16  33
2  8
25  31
6  52
17  32
22  2
22  3
11  34
16  78
20  53
27  88
1  46
27  86
22  62
28  3
1  55
18  57
14  72
16  20
25  23
1  37
23  14
29  69
22  76
26  71
7  51
22  56
8  34
19  74
15  40
21  76
22  33
28  53
20  22
19  23
3  76
16  17
5  15
6  85
24  72
4  64
1  81
21  31
21  1
17  79
11  18
28  69
15  64
15  4
20  76
2  44
22  7
19  24
6  74
14  64
11  18
5  29
3  73
18  43
11  7
3  56
17  80
9  3
29  78
8  88
23  23
27  87
2  58
21  76
8  19
12  82
15  46
1  25
13  8
20  63
19  9
26  2
15  69
20  34
17  81
26  53
21  19
4  53
16  11
10  84
20  62
4  79
7  73
18  88
6  74
14  22
21  1
29  48
19  6
25  38
24  61
8  64
16  68
16  16
12  53
28  50
16  70
13  4
18  62
23  64
11  82
25  22
28  62
24  14
6  79
6  44
10  12
14  44
16  53
16  53
20  20
6  18
13  48
10  11
4  49
3  18
10  78
14  10
23  33
9  10
18  12
14  22
23  76
9  54
5  35
26  24
28  21
10  49
28  1
13  25
22  15
23  77
2  88
21  61
10  88
7  77
5  48
2  1
12  88
4  66
24  50
13  5
25  75
21  35
11  18
3  27
9  18
26  66
22  29
11  53
13  62
1  46
4  24
26  82
1  77
27  27
27  54
24  25
24  66
8  51
5  18
5  35
21  32
18  80
24  88
3  37
25  71
29  54
22  56
14  83
14  70
16  53
3  19
24  86
9  22
9  77
27  11
26  79
19  13
27  41
11  71
24  57
16  80
27  44
1  20
29  66
21  63
23  54
27  60
7  33
18  28
2  22
9  82
10  17
2  20
10  1
24  36
17  28
24  76
3  18
2  47
21  73
10  76
24  55
20  54
20  7
11  23
16  10
25  3
29  31
24  72
5  29
14  52
25  52
12  7
16  20
1  23
15  30
27  66
9  70
14  85
9  26
12  11
24  12
8  10
24  75
23  32
1  40
24  43
1  60
8  69
3  7
5  86
11  67
27  75
29  31
13  5
23  55
10  53
28  65
6  19
14  83
6  45
11  79
23  12
2  88
25  19
14  71
12  65
24  70
11  62
29  21
17  49
16  59
4  48
23  12
5  41
17  1
10  45
5  86
4  69
22  76
5  36
6  39
23  67
18  73
12  12
12  37
4  15
24  48
20  56
9  18
19  57
18  59
13  3
17  80
26  88
23  60
28  20
9  59
28  50
23  58
15  35
6  34
22  65
19  12
24  81
18  38
11  39
14  19
17  19
8  33
28  2
14  68
5  32
10  48
19  48
25  28
15  70
17  49
21  51
14  81
28  80
13  21
13  70
11  71
27  18
19  14
13  22
20  32
13  74
11  82
18  42
6  58
4  57
5  6
4  67
14  77
17  48
29  19
21  68
11  42
11  27
20  51
25  2
12  60
1  57
23  20
3  52
13  42
23  17
21  20
22  83
11  19
20  29
14  82
15  75
5  24
6  34
1  11
19  80
2  85
1  6
2  43
4  34
23  47
15  48
22  47
4  25
15  38
3  20
15  25
5  80
17  20
26  12
28  75
19  37
20  77
24  87
20  10
10  23
16  85
16  76
10  76
11  70
8  28
23  63
28  2
24  7
2  36
5  43
9  62
17  69
28  1
29  79
14  38
17  32
7  32
15  25
12  30
7  1
21  24
26  4
28  33
14  11
22  3
16  45
4  17
20  84
10  53
20  42
6  26
17  81
14  11
12  66
22  58
15  69
1  69
23  15
23  51
4  66
19  69
21  62
11  55
22  61
14  77
18  36
2  3
29  6
16  12
27  27
13  84
7  77
19  81
3  27
26  36
22  38
29  46
23  80
17  21
6  69
6  62
2  50
9  52
16  66
3  6
1  56
7  47
18  62
16  39
5  83
25  87
23  28
13  82
24  33
4  78
13  16
18  2
26  7
3  26
20  26
25  5
17  45
20  48
18  12
10  3
8  38
26  81
23  71
16  77
21  36
6  87
4  2
26  30
11  8
19  32
23  43
3  37
7  39
7  10
3  2
6  17
14  45
24  21
27  45
18  3
17  78
28  4
26  78
4  55
5  7
23  3
8  62
1  34
1  1
6  25
1  46
28  13
2  46
27  15
22  56
7  24
17  42
17  8
5  26
23  87
3  26
13  86
28  18
27  56
4  48
23  43
26  10
29  51
5  52
4  61
21  13
7  24
7  60
19  87
8  16
1  60
17  60
26  62
29  25
16  43
11  86
12  9
20  67
6  87
27  11
18  48
1  56
3  23
24  56
29  22
14  21
13  64
8  74
14  55
18  33
20  87
20  41
27  2
2  13
28  13
20  80
2  31
19  28
22  17
16  10
14  33
25  28
27  25
4  7
4  52
6  28
23  73
25  4
9  23
16  3
20  65
2  46
15  83
27  23
7  66
20  55
20  3
9  11
9  49
9  63
19  50
16  86
22  19
19  76
23  79
13  3
29  87
11  1
13  43
7  3
4  54
17  66
18  88
6  20
29  54
1  22
3  60
13  21
24  26
12  60
27  68
2  31
23  83
19  62
8  49
20  5
22  26
7  80
27  85
18  44
9  42
17  65
2  30
23  51
6  74
26  56
23  82
29  12
1  57
22  55
28  41
16  32
4  32
19  76
15  14
16  31
7  27
3  2
18  22
12  53
11  7
25  52
24  6
3  37
14  5
2  50
27  56
2  26
27  61
7  82
14  62
3  88
26  76
6  24
14  13
19  15
9  70
12  45
9  35
24  80
21  43
7  75
1  9
20  21
25  69
21  62
22  34
26  68
7  48
26  12
26  65
4  5
3  25
11  86
13  6
24  15
29  31
16  60
12  81
3  6
14  13
18  44
24  69
26  88
11  69
7  60
24  70
14  58
15  45
8  3
14  3
9  39
20  6
20  3
21  28
23  49
19  87
28  65
19  12
15  77
7  54
7  83
12  79
13  59
10  39
7  48
28  69
24  20
26  74
3  83
3  77
9  2
6  25
29  24
18  10
6  74
8  62
9  69
10  57
5  84
1  1
16  2
28  17
13  33
3  80
29  25
11  25
9  44
5  13
29  6
18  84
19  58
8  75
1  39
3  72
10  9
19  9
10  28
29  58
11  44
16  12
26  87
21  3
26  68
9  16
6  85
16  54
6  16
13  8
18  84
7  79
2  14
23  49
28  66
17  60
5  47
19  11
16  3
27  7
5  46
1  23
12  19
13  66
1  25
14  49
10  48
19  50
14  62
12  55
4  65
13  4
27  31
11  79
10  41
18  43
9  54
25  13
12  51
5  31
22  49
6  18
13  23
22  78
27  46
11  53
13  36
24  62
18  71
1  38
25  43
2  16
26  79
6  69
4  82
24  7
2  43
14  71
11  86
2  14
6  82
19  49
17  23
24  29
26  77
18  74
12  39
8  29
6  87
17  21
11  11
29  30
24  45
22  52
16  16
20  15
25  22
8  77
23  62
26  86
11  75
5  25
20  40
26  59
13  88
1  55
21  74
15  73
28  17
25  45
6  17
12  61
17  45
10  7
12  86
3  28
18  22
3  21
4  59
26  49
25  70
3  1
6  67
22  44
3  84
11  6
18  62
23  3
22  52
13  82
3  66
4  12
18  74
23  12
3  58
29  40
6  79
3  38
12  83
14  18
2  57
29  59
29  41
24  86
15  79
19  49
18  14
27  74
6  2
20  24
27  11
24  79
4  6
19  9
17  69
19  24
8  22
25  72
4  1
21  81
29  50
23  10
3  87
21  1
26  68
25  79
12  58
19  72
17  22
10  64
11  77
19  73
17  13
16  57
24  71
19  32
11  1
21  24
8  40
4  5
11  34
21  44
13  25
5  63
21  12
9  54
13  55
16  50
22  3
1  82
27  17
22  1
23  47
13  23
5  21
4  43
5  25
5  66
21  38
28  57
2  67
13  31
13  88
17  86
4  44
5  16
24  58
1  61
15  33
12  10
23  34
8  78
14  61
25  71
28  52
2  26
26  73
11  31
8  59
6  18
7  43
6  13
21  62
12  27
26  35
4  39
29  60
12  35
18  49
28  54
6  39
7  5
24  24
15  57
19  85
1  57
5  78
7  22
28  9
10  84
4  49
7  1
8  46
8  14
23  82
9  10
11  68
7  62
12  13
18  75
12  32
26  24
6  39
4  31
15  8
23  39
26  86
22  36
23  76
28  82
24  28
7  65
11  54
25  50
19  28
25  48
4  50
29  66
13  19
11  37
26  54
6  86
28  64
1  60
2  51
26  84
3  83
24  22
18  73
26  5
12  73
6  12
2  46
24  12
1  62
8  34
2  88
18  5
16  81
12  77
19  69
22  15
11  11
18  53
17  2
25  66
6  71
13  19
16  57
22  9
15  51
5  59
5  48
17  9
8  38
9  35
6  56
21  80
6  15
15  2
18  67
13  70
27  44
26  41
26  77
1  38
20  16
8  77
14  4
14  5
23  42
27  10
20  40
24  18
11  12
22  49
8  19
7  84
9  18
25  34
8  88
2  7
23  47
4  66
6  7
11  70
19  83
16  22
8  47
21  49
15  14
2  62
29  43
20  17
5  45
16  18
1  38
5  23
18  28
17  64
12  38
8  64
10  35
12  83
19  19
4  11
10  65
19  13
29  24
5  64
26  51
10  85
9  65
6  10
28  61
21  41
5  12
25  86
27  47
4  61
23  32
1  66
22  81
28  18
14  47
4  6
25  38
27  16
15  79
9  61
21  4
7  51
9  61
23  52
7  42
23  1
22  8
11  42
15  65
17  17
8  76
15  14
2  3
29  45
26  67
28  4
20  47
10  16
2  77
5  40
27  2
20  17
28  57
16  8
14  38
3  22
22  49
24  5
8  46
28  17
20  82
8  18
21  8
16  78
19  41
23  35
5  9
4  10
13  46
21  71
28  28
26  77
9  20
4  62
26  83
6  8
23  22
4  44
16  35
3  56
28  43
18  11
18  52
22  8
12  27
27  36
25  71
2  18
7  64
11  78
15  69
25  39
10  37
16  69
5  22
27  25
10  10
15  60
13  23
21  88
23  77
2  26
1  82
18  17
10  25
16  49
3  58
19  48
26  51
26  50
3  3
21  55
15  15
21  9
9  70
19  68
6  31
15  70
16  26
13  87
6  60
8  50
1  76
18  40
16  10
19  78
15  87
25  69
29  48
25  55
23  68
1  1
12  37
23  84
6  3
7  30
20  20
22  61
27  88
14  52
26  32
12  30
29  78
16  38
25  32
1  65
17  86
14  68
3  83
26  55
6  25
22  51
22  5
28  47
5  65
25  62
27  56
27  29
1  20
26  88
19  27
7  28
28  48
6  15
15  30
20  4
26  16
1  26
23  75
20  20
11  37
1  83
6  86
8  80
6  36
1  62
20  62
27  51
11  6
23  32
28  9
21  30
17  11
15  16
18  51
11  7
26  62
18  24
4  87
19  66
20  44
11  20
22  68
24  27
8  68
10  25
5  32
28  65
8  79
24  87
1  40
28  77
12  57
2  71
20  54
2  56
17  38
17  78
14  41
22  80
13  69
12  8
23  16
5  19
22  24
26  36
3  78
25  33
20  17
23  38
19  39
5  37
20  62
27  48
11  65
7  21
11  30
12  39
7  68
16  61
16  26
4  4
8  18
12  72
14  28
15  24
9  47
14  86
16  42
7  22
2  65
11  38
5  59
16  12
1  80
11  78
19  72
11  81
16  47
25  29
11  84
11  64
7  9
20  55
24  44
10  4
24  36
9  72
8  72
12  81
27  65
13  63
1  79
14  33
23  81
18  29
15  62
4  28
28  1
24  3
29  26
17  30
18  6
24  87
15  64
5  4
14  41
14  31
24  19
8  54
5  4
14  67
25  14
29  46
4  43
4  15
23  37
24  64
9  44
13  54
13  64
9  72
7  78
22  63
22  80
25  86
10  29
22  68
14  72
19  84
29  68
16  54
28  4
4  62
8  24
12  57
17  28
2  80
7  83
15  22
13  74
2  27
28  79
10  67
19  39
21  57
11  22
7  12
27  26
20  20
17  33
15  6
25  72
20  58
11  77
22  78
20  52
16  59
17  38
26  13
20  48
4  81
4  72
18  78
22  10
8  22
20  40
9  70
16  40
2  9
12  23
25  3
18  19
14  49
26  87
17  70
15  23
2  39
21  43
2  56
12  73
28  88
19  51
29  55
12  47
11  17
12  69
11  42
13  83
5  56
5  60
1  16
25  16
4  49
5  85
29  29
24  51
7  38
24  13
28  5
9  66
21  13
22  19
11  15
17  80
5  46
10  68
6  50
14  63
26  26
18  73
29  58
12  35
14  60
4  18
15  59
5  37
14  11
1  86
23  85
26  61
28  70
23  24
4  14
29  15
5  78
15  19
5  66
10  55
12  87
17  78
21  86
20  36
12  62
9  57
25  48
20  32
16  36
14  30
24  49
1  45
20  33
2  56
16  66
27  25
19  57
21  86
23  10
7  82
13  26
15  64
21  77
14  75
22  27
16  24
6  46
7  61
17  63
5  27
25  22
8  22
21  7
25  45
8  65
2  5
26  51
8  48
14  8
9  19
10  9
14  85
3  25
8  59
23  84
4  64
9  64
27  58
5  46
1  40
18  58
4  15
25  85
11  36
20  68
19  35
11  73
23  86
17  71
24  26
22  4
23  11
19  47
25  56
6  48
7  73
20  23
5  85
28  36
25  64
21  6
4  57
9  55
17  65
7  60
25  39
28  11
6  81
23  45
8  37
11  34
22  54
3  76
5  18
10  36
11  48
2  57
1  31
28  31
22  73
17  43
1  70
9  61
15  37
22  38
24  29
20  1
19  74
14  14
16  44
21  25
25  1
10  58
5  18
11  53
20  26
8  41
26  51
15  14
11  43
20  79
23  68
26  31
27  26
26  33
21  53
5  55
8  6
7  28
27  30
8  61
22  73
10  41
22  2
14  26
20  72
9  76
20  30
15  26
7  17
16  88
8  42
29  18
27  83
17  28
29  62
4  59
9  73
23  40
4  78
11  53
7  63
9  72
8  62
1  36
23  59
9  79
9  47
23  87
6  84
24  45
22  79
22  19
16  86
9  41
9  36
26  35
12  76
6  55
7  66
13  83
23  44
5  83
3  79
19  48
24  46
26  12
18  61
5  33
10  5
11  25
18  8
6  9
3  83
21  87
3  68
7  34
11  41
21  72
8  47
26  50
18  44
16  52
21  28
1  49
7  64
1  52
24  70
22  41
18  1
20  73
22  80
24  60
22  84
27  57
18  35
9  9
3  35
3  26
11  24
5  47
2  53
6  45
20  1
16  64
22  17
20  67
26  68
26  79
24  52
1  11
25  7
24  26
29  85
3  82
18  52
17  88
14  32
24  80
26  14
19  42
18  87
25  9
17  42
3  38
14  18
18  57
29  23
4  71
18  16
15  63
25  70
11  38
11  59
18  10
21  57
17  44
4  8
14  14
25  47
13  44
1  76
10  88
9  46
24  61
19  87
13  53
22  40
23  86
6  76
7  79
1  38
6  40
2  39
13  71
8  47
9  31
5  77
11  43
19  58
8  33
20  71
14  33
27  62
27  84
11  70
8  58
20  57
3  83
27  48
1  55
23  70
29  66
13  9
9  15
5  77
26  53
6  34
17  15
22  6
4  85
26  38
19  71
6  69
14  2
8  7
27  35
15  31
6  33
18  5
9  87
8  51
2  23
27  54
14  74
17  10
22  59
28  86
10  67
12  23
14  7
24  25
18  15
8  80
18  56
16  68
21  24
22  10
27  65
17  15
5  78
11  71
3  11
10  60
4  10
4  75
11  64
10  49
6  22
5  19
2  18
29  18
7  38
25  84
17  72
20  39
1  25
20  57
15  82
8  44
22  39
27  61
15  55
19  3
26  20
14  36
24  5
1  59
6  60
20  14
1  57
19  68
19  20
28  68
16  34
27  56
6  87
18  81
27  42
21  83
26  62
17  25
3  36
20  28
3  70
4  44
3  55
15  9
29  86
11  43
25  81
21  38
27  21
17  18
8  60
18  6
12  40
8  68
19  19
11  48
18  81
1  2
11  77
18  75
23  80
7  84
22  9
23  33
17  86
8  85
4  8
25  87
8  61
26  74
8  54
7  75
25  65
16  83
16  17
23  84
10  81
15  9
24  64
12  14
3  13
14  78
29  4
2  59
10  81
28  15
8  81
15  58
27  49
17  21
10  62
14  82
26  58
26  55
7  88
10  39
21  63
22  24
6  3
24  20
6  81
23  7
7  8
19  87
2  77
12  2
28  15
7  33
6  58
10  73
16  71
9  10
21  32
9  1
3  40
5  72
22  73
23  6
12  87
6  9
20  82
11  78
15  50
10  59
17  35
7  53
27  87
23  35
16  66
3  3
12  49
22  50
4  44
24  7
26  27
7  65
12  84
26  47
13  2
26  62
24  33
17  69
29  54
19  28
16  76
28  67
18  9
20  55
4  55
24  47
16  14
8  37
11  6
8  31
26  27
28  61
1  41
8  70
9  55
28  83
12  56
24  37
7  28
10  74
25  29
11  42
15  69
8  64
16  37
28  27
13  24
19  69
19  23
10  75
7  77
3  83
18  66
17  20
22  45
29  23
29  59
9  27
11  76
14  86
27  36
29  47
10  87
23  32
21  54
22  58
8  30
4  24
26  87
7  22
4  2
13  42
20  28
12  64
5  63
2  11
17  64
1  63
2  75
8  76
17  66
28  61
7  53
4  55
7  43
5  61
23  6
22  72
7  37
6  11
14  83
24  60
7  28
27  15
2  80
11  45
3  40
15  17
3  54
6  3
16  9
18  62
11  5
19  60
1  81
28  25
18  50
23  28
24  37
9  34
29  82
5  77
2  68
23  50
5  12
22  8
16  78
25  68
4  75
20  58
16  29
8  29
20  49
4  8
26  79
16  77
14  77
3  42
4  81
27  12
1  69
14  83
19  37
7  53
13  60
9  46
5  84
17  85
9  5
5  66
29  37
22  84
15  13
28  31
4  36
29  26
20  84
29  62
17  74
14  83
7  28
7  53
23  43
4  59
28  72
19  8
26  11
21  50
21  70
18  24
10  56
11  57
12  21
15  16
5  27
29  3
5  39
8  82
8  54
5  76
9  16
17  85
13  14
17  29
12  76
29  66
22  82
13  53
1  4
15  50
16  9
23  33
22  65
21  33
26  64
14  28
15  71
12  46
24  49
6  15
19  51
23  72
17  69
12  66
22  21
19  42
17  51
16  88
26  62
17  79
15  85
26  39
2  75
14  14
12  41
18  5
24  39
28  46
19  30
25  67
20  44
11  26
19  74
22  78
17  19
5  63
12  50
10  64
4  38
29  81
22  58
8  51
20  85
26  73
22  72
29  14
24  61
22  49
1  13
26  29
10  10
21  61
25  43
8  60
7  62
9  67
15  23
26  4
25  39
25  51
4  32
22  61
16  28
1  56
5  22
27  26
10  40
14  85
25  51
18  7
3  85
14  17
25  5
7  5
11  74
16  66
11  81
24  37
11  5
28  69
18  73
7  72
3  49
25  52
26  87
2  5
10  57
4  21
6  79
19  19
21  66
10  18
16  72
24  17
6  37
11  51
24  59
5  69
3  25
10  45
15  50
6  18
10  13
7  62
10  82
7  7
6  28
29  53
16  25
19  55
24  6
8  54
21  79
25  43
17  45
2  68
12  1
9  17
15  76
25  45
4  81
24  80
14  34
1  57
20  87
8  81
11  69
9  3
2  2
20  87
21  7
28  70
7  31
3  55
2  28
10  8
23  25
27  80
9  25
12  9
18  30
24  68
27  62
16  45
27  8
9  5
15  77
27  77
11  81
4  32
1  80
22  42
24  61
9  37
17  46
4  58
29  75
22  36
16  45
26  16
10  60
8  8
28  57
13  88
23  58
27  88
10  4
16  31
28  34
13  33
14  11
28  55
25  2
28  68
29  47
11  24
6  19
14  30
15  8
8  32
4  79
25  82
19  51
10  20
28  51
15  80
2  77
3  20
17  70
24  26
20  46
18  82
16  88
23  49
26  23
5  11
5  51
14  19
11  67
13  68
19  61
8  40
6  25
15  61
26  44
27  56
27  31
15  41
13  87
20  78
9  72
16  51
25  11
12  15
11  63
29  83
13  35
25  43
1  17
29  23
3  71
15  19
6  71
23  65
22  30
10  41
21  17
17  87
20  75
20  74
21  35
11  29
24  10
4  46
24  51
8  44
1  27
24  46
10  80
8  15
13  78
4  21
27  44
29  72
12  14
18  48
25  75
22  31
3  46
26  37
24  42
19  11
13  70
14  23
17  32
18  46
8  86
2  79
6  55
5  44
22  48
16  68
11  19
22  28
5  74
5  12
18  17
5  45
20  57
4  80
11  57
18  82
9  47
11  52
22  13
9  46
26  6
15  59
22  79
16  32
16  58
12  22
20  46
19  24
17  51
10  38
27  65
20  47
19  72
26  13
21  73
3  50
7  28
23  41
1  11
9  8
9  67
13  17
11  3
2  39
23  62
4  45
3  66
18  74
9  82
15  73
13  57
15  13
12  29
17  2
20  3
6  14
3  57
22  7
15  30
6  54
21  14
2  57
20  58
19  54
3  76
6  42
24  32
17  74
7  5
5  81
27  51
6  49
6  55
18  37
15  58
4  18
14  32
2  21
24  51
18  71
1  88
10  46
3  33
13  45
11  82
18  36
21  39
9  34
7  2
17  30
17  51
9  5
7  7
2  78
6  67
3  26
11  66
11  71
28  66
21  83
16  5
3  21
23  83
24  7
25  53
5  71
1  60
20  78
20  56
10  88
7  29
15  81
17  31
14  1
11  62
5  54
22  4
12  17
1  44
17  75
28  85
8  13
29  51
2  86
7  23
23  63
26  37
14  11
23  83
5  50
6  65
6  84
19  83
8  83
12  68
7  50
1  53
8  34
17  83
1  75
21  31
28  62
8  54
16  17
18  9
14  52
8  87
15  49
11  78
15  9
24  40
2  40
6  34
6  74
25  72
14  8
6  44
13  66
26  14
21  49
1  77
13  60
12  84
20  87
8  47
27  29
24  84
5  42
21  15
12  75
10  38
5  73
6  75
27  88
22  80
15  69
17  36
16  86
15  20
2  12
19  53
16  76
24  5
3  59
1  65
11  79
3  17
15  34
5  72
13  25
10  64
1  12
15  82
13  62
25  35
16  3
5  10
27  41
8  77
29  56
24  51
21  83
15  53
25  32
28  78
21  12
5  10
20  23
10  58
20  7
9  53
22  73
10  10
12  66
24  1
7  11
4  82
23  27
20  54
16  30
12  82
14  19
16  1
22  4
27  9
28  46
25  38
27  81
22  82
17  1
26  14
20  82
20  10
9  19
13  24
5  17
16  7
3  68
5  11
29  30
18  42
11  31
27  34
18  55
4  37
17  59
20  22
4  40
11  38
8  38
5  47
8  19
7  58
24  33
22  27
5  9
25  18
23  14
3  13
25  39
15  32
15  20
12  87
27  42
22  26
20  49
22  15
12  50
3  70
13  70
10  53
13  2
28  76
11  63
13  43
12  37
6  79
12  40
16  75
18  67
11  27
17  88
29  44
19  9
16  24
18  1
20  69
7  44
25  5
23  21
23  16
3  6
12  85
13  26
25  48
12  23
17  13
9  31
1  50
2  37
17  43
10  4
25  55
27  3
21  64
27  21
14  88
10  45
28  15
12  63
19  48
1  74
4  3
21  41
2  30
3  41
26  28
7  60
4  15
25  44
2  82
26  83
4  47
27  87
7  56
19  51
26  1
12  41
21  50
13  36
4  74
29  49
27  70
23  5
3  2
17  49
7  38
16  43
23  26
5  31
27  76
14  34
17  30
14  22
15  21
1  74
13  3
2  17
19  14
10  51
18  34
21  48
21  81
4  16
27  67
2  25
18  81
25  24
4  26
24  56
6  48
10  72
11  53
13  54
18  40
21  49
26  4
23  85
21  71
20  32
28  55
27  49
11  88
15  32
29  35
24  64
7  49
22  49
24  69
19  3
13  39
8  28
13  44
4  74
13  3
7  5
13  27
8  35
28  72
1  79
23  12
3  36
15  41
1  19
3  29
26  20
16  15
28  40
14  22
3  21
22  73
9  11
26  49
1  60
7  26
12  57
9  24
23  23
29  63
21  8
2  67
11  53
18  37
28  33
29  31
6  25
10  78
7  64
16  22
9  23
25  29
2  10
13  37
29  37
19  61
10  37
16  73
14  27
7  37
4  59
11  57
17  83
23  62
20  54
8  71
13  57
18  34
25  5
2  62
22  43
28  39
6  78
25  28
20  33
20  18
27  49
29  25
13  21
10  68
1  27
19  6
29  12
13  48
21  55
1  15
29  36
29  66
15  78
4  49
5  27
5  41
5  56
15  44
27  45
10  21
27  73
29  1
26  78
10  33
21  84
14  36
17  36
2  57
27  42
28  10
9  30
10  13
27  44
3  68
8  31
6  4
1  84
4  34
16  18
8  65
2  8
24  65
2  47
19  65
14  71
6  61
1  37
1  82
26  17
11  38
21  5
24  22
24  50
21  71
28  13
3  29
23  47
25  66
12  2
27  14
26  6
26  77
1  52
14  70
26  2
23  31
10  45
20  86
4  45
18  34
10  82
19  41
19  12
29  11
14  88
4  67
24  6
10  29
23  63
12  10
21  53
22  41
6  42
15  65
11  58
10  81
25  85
24  48
13  12
6  24
29  69
2  52
13  2
29  3
13  51
12  37
17  4
14  42
28  33
18  2
23  61
17  7
7  50
18  46
23  11
27  37
2  46
10  54
23  21
13  57
28  19
1  33
24  3
2  76
28  12
12  14
11  74
28  7
18  14
18  24
2  53
1  30
15  77
13  85
18  12
16  21
15  19
23  66
12  88
21  77
1  17
8  80
28  28
24  7
5  44
3  50
10  37
11  79
3  17
13  4
4  67
4  2
17  80
23  13
7  29
9  88
5  4
8  5
15  56
27  2
5  80
9  63
8  49
9  12
5  83
1  48
8  29
20  84
22  13
16  85
27  15
26  80
4  63
21  16
1  82
20  12
13  86
6  28
18  27
3  49
15  17
25  60
17  80
19  46
12  78
13  87
12  66
4  27
15  40
27  70
17  78
7  72
2  75
19  20
25  47
29  42
3  6
2  21
25  86
24  22
24  39
5  31
17  66
20  36
6  50
21  27
13  47
16  20
23  26
14  60
8  3
14  84
25  30
17  78
12  60
13  15
12  69
6  72
23  83
29  22
17  1
9  82
5  59
28  83
1  32
7  15
17  17
7  65
14  29
11  60
5  45
19  77
1  27
18  78
20  88
15  7
22  34
6  32
8  4
24  33
29  55
26  18
26  47
14  62
10  16
10  42
5  39
14  76
8  29
11  46
26  22
11  26
2  24
11  32
28  47
10  42
29  53
26  64
8  31
22  87
25  42
25  37
26  52
26  16
4  56
10  12
10  81
23  67
10  71
23  6
3  87
14  18
21  13
26  46
14  77
6  33
4  32
14  72
14  33
25  61
22  78
3  43
8  68
29  54
17  12
26  39
21  66
19  53
16  28
13  88
20  87
18  70
13  28
4  72
7  50
4  15
13  53
26  32
5  13
16  15
1  9
2  7
25  26
13  79
4  20
4  56
5  39
20  28
12  12
26  81
13  83
27  42
25  73
11  38
4  62
13  58
2  61
5  9
12  44
4  52
8  75
19  21
5  42
18  5
5  59
9  86
14  71
22  82
28  12
25  2
25  12
9  75
17  65
18  10
2  52
26  72
15  77
14  1
9  76
6  22
8  30
24  83
9  27
17  3
20  44
7  79
9  59
13  77
22  27
28  37
4  37
11  7
22  52
13  56
5  17
9  4
9  8
15  85
29  75
24  49
24  69
11  10
13  62
16  23
7  21
21  15
11  77
25  53
14  70
21  48
24  60
15  18
18  77
27  40
1  35
29  24
16  17
23  62
1  11
24  26
14  46
12  51
14  38
7  71
29  78
29  26
18  50
24  83
8  25
17  15
14  62
6  61
24  6
1  56
25  76
13  67
9  79
8  86
19  45
25  39
23  9
22  68
23  15
13  53
17  57
13  38
14  82
27  10
15  87
6  43
11  13
27  78
3  70
5  68
22  78
29  82
9  57
13  42
28  63
13  74
25  39
9  75
1  49
24  84
3  72
23  68
4  60
22  63
26  46
21  8
3  36
10  44
11  76
11  71
25  22
20  56
26  66
18  31
28  32
2  39
5  14
17  31
19  44
12  50
12  11
8  14
1  28
6  10
4  30
1  64
28  39
26  50
2  67
21  65
24  2
28  72
14  36
6  55
9  56
28  67
7  74
22  43
17  42
12  14
28  81
13  16
8  47
12  83
5  8
25  10
19  5
5  17
24  30
9  72
21  21
19  39
25  46
7  59
27  66
26  77
28  59
18  12
13  2
1  33
11  28
4  41
14  3
26  23
28  48
14  71
26  63
27  72
11  3
5  73
20  88
22  20
24  39
12  15
17  60
18  7
15  27
13  7
8  9
23  55
22  23
2  48
15  9
21  51
11  69
7  73
11  63
16  21
12  49
1  38
28  88
19  73
16  58
5  83
12  75
26  3
20  6
7  38
9  56
7  68
10  1
7  32
24  60
18  46
10  62
3  36
5  27
29  59
11  12
14  63
19  68
28  25
24  58
24  70
9  73
15  88
9  18
15  10
25  3
27  41
17  81
24  14
1  81
28  49
8  77
25  7
26  34
10  27
11  5
20  83
25  13
9  25
28  36
2  74
21  16
19  76
22  62
5  32
15  46
9  30
9  17
22  48
19  55
18  47
11  85
15  66
16  59
15  45
12  28
6  69
3  6
19  33
11  42
25  69
4  70
20  8
17  5
28  29
2  56
7  55
20  77
23  70
2  30
25  30
8  61
14  46
18  27
9  78
9  16
27  25
18  36
2  58
5  60
14  35
12  40
20  57
27  50
12  68
5  25
27  50
21  51
25  74
2  9
9  22
29  12
12  65
14  85
3  8
25  2
28  78
10  85
3  8
5  78
24  7
14  73
23  3
27  58
23  20
13  29
2  60
24  50
15  1
18  29
26  14
18  4
5  33
14  73
20  15
10  39
8  84
6  10
18  71
19  71
9  9
10  2
9  14
18  63
27  44
20  40
9  48
7  4
21  17
15  81
11  4
26  1
3  14
15  39
8  40
15  77
23  4
16  78
29  7
4  6
7  63
15  49
28  27
22  25
21  81
11  81
17  74
12  70
28  18
28  22
7  12
15  24
9  82
10  11
20  10
29  27
10  69
13  21
24  57
23  4
17  30
20  20
5  69
28  36
24  59
29  49
1  46
18  21
25  55
24  62
29  69
1  50
17  50
16  80
18  63
28  3
22  19
10  72
27  64
17  86
14  6
22  5
21  25
5  14
18  62
8  3
25  35
11  16
5  28
13  14
19  57
27  81
3  68
11  71
22  49
11  16
8  23
13  69
25  67
3  58
9  51
14  45
18  32
20  16
18  84
16  19
5  3
11  2
25  39
29  38
3  83
24  7
12  81
9  47
7  23
9  50
17  59
24  17
27  56
3  6
27  9
18  50
19  82
1  50
6  85
23  49
7  26
24  30
8  40
11  53
8  80
27  36
8  34
12  60
16  87
22  39
16  76
3  64
7  88
7  62
3  21
23  3
13  2
17  1
13  65
8  20
17  36
10  67
26  11
9  47
24  8
15  78
10  20
13  57
20  18
10  65
23  65
6  41
29  63
14  45
19  40
15  72
28  86
28  51
15  67
23  49
14  1
4  47
14  11
16  81
21  52
17  56
21  69
13  87
5  45
4  53
8  56
15  21
23  74
2  24
18  85
7  53
17  45
27  78
6  85
7  44
13  35
6  45
26  54
21  1
13  80
16  37
28  6
5  30
2  28
14  79
6  85
7  62
2  40
11  16
22  87
15  85
22  81
8  62
16  87
25  51
28  28
17  57
17  61
27  48
16  56
11  83
14  81
12  65
17  47
5  8
17  45
20  81
17  20
7  22
15  45
22  48
1  45
28  54
1  58
16  71
18  26
22  16
27  2
18  50
11  76
10  34
20  18
23  12
26  78
27  58
4  12
29  21
5  79
2  31
23  64
2  7
13  22
22  19
16  39
23  84
21  36
12  83
27  42
10  65
8  21
29  85
16  63
2  62
16  78
16  40
1  36
1  12
6  80
20  79
10  33
13  60
5  27
28  22
23  82
14  78
5  35
13  19
18  83
4  7
26  54
12  85
7  41
19  65
6  68
23  72
19  31
13  63
26  21
2  15
3  46
27  85
28  30
1  32
6  19
5  60
2  4
11  75
27  20
16  11
20  70
3  83
20  27
22  14
4  6
14  66
6  65
14  27
28  40
20  81
11  27
17  64
13  42
5  61
21  8
18  86
5  82
25  74
12  41
1  72
20  67
11  84
27  7
24  84
24  31
13  32
8  40
25  48
5  77
23  40
4  82
4  30
6  44
6  3
13  6
3  40
26  86
11  72
10  78
16  43
19  70
28  60
25  78
29  32
10  65
7  62
2  86
21  54
12  48
23  34
21  13
27  1
12  52
2  10
9  23
17  86
2  80
25  30
29  56
17  43
26  35
4  13
10  15
3  11
18  10
10  65
23  3
26  8
5  33
20  63
18  57
20  47
22  27
7  20
26  51
22  55
11  69
3  64
27  57
2  81
17  55
9  6
13  20
9  73
12  2
20  58
6  61
19  59
5  2
4  33
7  34
27  62
26  84
13  44
2  65
20  4
4  81
28  76
23  11
13  63
3  33
7  79
23  2
6  29
29  1
19  49
6  82
20  13
6  21
12  11
28  3
28  48
4  53
1  48
25  85
26  72
19  12
8  26
15  82
17  11
7  35
13  81
7  71
4  48
24  26
18  51
15  26
26  24
9  56
14  12
3  61
22  70
21  45
13  32
23  81
26  7
7  14
20  60
23  59
6  10
15  1
21  16
1  27
24  73
24  28
2  78
26  23
8  38
27  82
13  84
24  68
6  30
21  69
20  62
26  29
16  9
15  76
16  68
12  65
1  47
13  38
13  50
5  9
3  20
12  21
21  26
25  22
19  68
15  28
19  3
29  55
19  23
26  57
19  21
25  81
20  22
22  27
5  50
23  36
26  19
23  68
27  79
10  28
21  84
11  15
22  48
27  21
20  73
26  10
4  86
7  30
26  41
23  29
22  52
27  86
28  8
4  49
10  77
26  18
24  12
8  74
19  72
6  76
22  10
26  21
11  36
16  13
21  77
5  2
9  67
13  35
17  31
9  18
12  42
7  35
14  14
29  57
14  79
17  16
6  8
29  29
10  2
5  25
21  86
15  76
18  36
2  71
22  76
29  18
20  26
6  67
18  47
3  48
19  2
13  52
20  21
16  21
8  27
8  79
1  72
13  25
23  9
21  76
14  51
11  52
27  55
28  31
3  43
14  51
17  11
21  45
5  86
23  83
26  6
2  18
22  31
8  67
16  8
8  9
29  47
12  62
5  7
7  51
17  61
1  78
8  57
17  46
25  15
5  50
4  12
12  71
7  78
19  56
26  61
27  40
15  62
15  75
6  45
8  2
25  2
6  21
15  53
25  51
21  28
16  30
5  3
27  57
16  2
27  51
4  50
6  13
13  25
2  7
6  54
14  33
20  30
20  61
21  29
7  66
19  56
4  34
21  6
9  45
21  87
22  79
17  61
10  29
19  63
23  61
3  45
21  35
12  45
23  88
23  28
3  68
9  40
24  68
28  66
5  7
26  65
1  82
23  25
7  28
20  35
25  3
9  30
28  13
25  75
20  67
29  70
22  24
1  64
6  55
15  81
8  58
14  35
12  79
20  42
14  13
1  64
7  12
29  21
10  50
22  27
15  82
14  87
20  31
16  20
18  63
3  9
8  58
16  11
9  50
16  21
29  68
4  43
29  20
21  87
11  87
5  18
11  18
19  84
28  80
17  79
1  48
10  62
3  77
29  51
11  62
21  5
13  22
3  56
26  63
5  31
19  15
13  4
18  69
3  24
26  52
5  38
15  62
7  66
23  4
15  16
16  17
20  6
29  23
21  75
28  73
27  73
16  63
8  5
7  72
19  8
6  42
1  77
27  45
23  11
16  69
18  69
8  38
24  69
8  42
6  87
24  22
13  17
8  35
2  17
3  72
1  46
14  36
1  24
4  9
16  68
2  36
24  32
26  17
1  37
21  4
15  57
27  18
28  68
19  62
19  35
10  87
7  48
6  46
22  19
24  70
1  49
29  60
11  19
24  6
22  10
11  80
14  85
20  9
27  53
2  44
22  8
28  82
13  17
18  61
4  25
26  48
20  87
20  34
9  51
17  25
1  80
10  83
2  31
22  31
6  8
3  82
7  68
21  54
6  86
26  53
10  47
27  3
12  33
10  41
1  51
16  62
8  44
2  80
19  59
9  88
24  26
28  28
29  26
27  69
26  74
21  57
13  65
18  67
23  27
23  22
20  57
11  73
23  56
2  60
29  44
5  40
4  46
26  69
14  72
13  21
9  49
21  5
29  75
2  36
26  34
27  28
12  7
29  22
25  59
28  2
23  23
7  12
26  24
18  9
14  64
11  48
20  87
3  86
8  25
27  2
5  56
12  72
4  66
29  25
1  46
19  7
20  64
11  78
25  76
1  29
18  87
15  52
8  65
25  32
6  46
1  26
19  11
5  6
12  78
14  22
26  7
27  22
20  67
10  59
5  87
27  5
7  73
16  4
6  9
29  78
6  23
12  86
8  79
14  88
25  63
11  41
9  17
1  28
13  11
20  39
19  12
8  68
25  81
25  19
24  30
24  53
23  48
13  35
2  6
6  5
13  32
14  46
11  72
22  85
27  78
17  63
22  23
10  79
2  29
22  79
24  25
29  32
28  37
16  86
14  86
28  7
15  7
5  18
20  33
17  52
7  14
2  45
6  77
9  65
14  15
27  75
18  64
24  44
15  9
29  33
9  26
18  66
22  78
12  47
17  15
25  85
14  47
25  14
11  72
18  71
3  76
10  19
16  14
27  68
2  49
16  9
13  39
14  51
11  25
22  18
26  6
9  61
15  39
2  31
5  79
16  20
5  47
15  42
17  23
10  77
12  25
18  19
1  56
10  14
17  46
19  56
24  58
25  88
11  56
7  2
2  11
18  69
9  70
12  14
18  16
4  50
1  21
23  33
26  49
9  22
28  7
2  51
11  56
6  57
14  64
7  37
27  34
8  46
11  3
15  58
22  76
14  24
9  81
21  25
8  62
6  32
10  1
9  64
10  51
17  29
22  88
23  2
7  71
9  17
28  19
13  2
7  71
9  43
18  40
9  77
4  60
26  71
10  80
25  76
24  39
2  63
21  15
24  87
15  78
3  69
9  10
16  26
7  5
25  30
18  87
10  59
5  53
2  80
29  80
26  25
26  41
6  68
22  88
18  30
15  27
13  36
7  83
26  54
6  75
10  53
27  42
18  85
28  16
11  14
6  4
22  76
1  12
7  87
12  30
14  61
22  3
15  34
26  60
8  18
22  76
22  45
22  5
15  73
13  86
25  6
4  50
3  42
24  36
5  53
4  22
18  22
29  1
4  68
27  71
8  18
7  84
10  66
13  19
13  18
8  5
9  3
20  4
8  14
25  21
15  33
25  44
21  15
9  25
28  14
17  65
2  26
23  56
13  7
20  49
9  11
23  56
6  34
17  62
21  11
21  12
13  8
19  76
20  27
13  16
17  43
9  77
11  78
16  18
21  32
20  11
12  82
14  35
9  6
25  30
8  39
8  60
28  13
4  41
3  69
18  81
22  80
10  65
6  26
4  17
27  18
15  77
20  2
2  27
13  44
23  22
24  44
10  73
24  21
3  64
10  67
16  64
19  64
10  47
29  10
14  78
15  65
12  19
11  62
20  26
15  31
10  36
4  80
14  64
14  75
27  13
13  16
13  50
25  64
9  12
22  50
17  63
26  8
11  88
22  4
17  55
7  44
16  58
13  6
27  27
13  28
21  4
19  24
29  9
28  51
27  76
21  30
27  63
5  12
21  49
21  47
18  19
16  79
20  68
9  57
12  81
5  52
21  56
7  87
22  3
15  78
17  35
16  35
10  66
20  64
21  82
10  27
23  76
5  51
23  32
21  87
21  19
6  62
4  55
19  49
11  60
13  28
11  28
28  67
9  4
23  25
2  63
13  44
5  45
10  85
12  80
3  59
2  7
1  54
2  67
3  57
8  14
25  74
2  28
15  67
2  66
22  26
19  67
15  78
9  18
6  72
26  17
28  41
21  80
1  10
11  17
19  45
10  31
19  35
8  71
9  8
29  15
25  80
18  76
19  77
21  55
15  88
18  87
28  68
14  34
4  35
4  12
3  40
26  66
18  84
4  25
27  60
8  64
25  15
14  20
26  37
27  33
15  18
9  22
9  74
7  41
6  47
17  26
10  6
6  68
15  64
4  85
14  12
22  55
11  58
9  71
27  42
6  27
5  74
6  9
6  6
28  26
2  34
26  21
13  43
5  24
11  68
1  33
19  5
8  50
12  29
13  75
13  16
7  74
15  27
2  13
23  52
15  88
1  31
23  50
27  75
28  18
8  68
29  47
29  41
23  20
9  13
22  42
26  51
5  40
12  42
26  86
6  24
23  63
6  59
8  69
4  66
10  6
25  35
21  28
24  54
14  18
24  30
25  82
1  71
22  19
16  10
20  48
29  46
10  60
25  33
23  1
25  61
27  9
15  29
7  51
13  78
11  15
26  11
4  37
19  32
9  78
26  32
12  38
20  34
10  2
25  30
24  52
19  70
23  29
3  55
28  58
6  79
15  23
19  8
27  39
28  50
27  54
25  55
1  38
11  40
9  21
9  77
8  24
4  10
13  16
25  29
24  43
26  59
19  30
11  74
13  46
29  49
28  22
21  60
23  50
21  68
20  34
1  35
26  2
2  37
26  86
26  34
4  27
21  8
15  81
11  53
13  28
23  2
5  74
13  75
16  87
17  66
4  83
22  60
28  77
1  27
6  10
15  3
26  30
3  64
20  2
25  68
3  62
1  63
1  78
19  79
29  24
21  7
1  38
10  35
2  47
5  65
21  40
9  19
23  23
26  81
25  88
6  68
22  16
6  37
18  31
28  60
25  27
2  29
20  7
14  12
27  82
14  41
29  36
20  55
26  59
26  62
19  60
29  88
11  30
2  73
29  80
19  31
1  10
21  57
27  56
15  84
27  75
28  64
1  10
20  50
21  7
24  19
3  4
7  77
8  51
7  21
19  61
18  11
8  2
20  55
23  15
9  55
28  14
8  75
12  15
29  33
29  76
22  35
5  67
26  22
23  60
3  70
19  66
23  38
28  63
18  83
23  39
4  72
12  55
9  28
29  14
18  23
2  25
13  76
28  77
2  56
14  29
10  81
24  68
28  41
8  52
1  26
7  45
28  43
24  17
22  41
1  52
20  1
6  65
3  41
3  87
21  6
14  42
1  16
13  14
22  26
4  63
1  30
2  67
8  21
13  57
28  44
26  75
10  2
17  47
27  78
19  28
29  61
23  47
21  25
12  28
27  77
16  10
3  76
22  23
22  50
21  75
27  51
27  57
18  31
1  80
27  47
19  16
17  73
9  47
27  22
10  51
22  21
11  50
1  41
29  53
19  37
22  3
27  80
23  34
6  11
6  72
17  64
29  7
9  76
21  79
27  29
5  86
28  23
10  74
2  87
24  87
8  27
21  44
2  49
28  88
1  19
10  66
11  68
15  14
1  45
11  83
20  80
11  49
27  38
6  48
2  28
28  3
24  23
20  84
10  8
12  33
13  59
19  68
3  57
29  32
21  22
7  15
27  13
2  88
26  39
28  54
20  58
10  84
2  78
12  77
17  75
2  72
27  86
25  72
24  26
28  9
29  11
22  86
9  47
5  40
5  61
24  49
23  63
11  71
24  35
21  20
27  44
24  81
13  49
22  27
26  83
5  78
20  26
19  13
29  9
16  20
20  37
9  85
28  21
20  46
28  83
23  60
29  9
5  25
3  7
11  64
8  41
21  9
26  28
19  24
18  33
18  64
23  82
26  37
15  18
29  87
23  81
25  59
21  5
1  3
18  60
18  85
10  46
18  9
13  55
1  19
25  50
9  65
12  17
22  15
9  48
4  30
27  82
28  27
26  84
5  59
5  85
28  84
9  15
17  63
3  31
8  74
25  87
18  74
17  14
7  29
1  85
24  69
28  82
24  25
6  73
13  37
1  70
17  82
2  24
27  9
16  15
12  48
6  78
4  31
4  4
21  44
12  68
23  50
6  76
8  56
12  2
19  46
8  26
9  67
19  69
12  74
21  36
27  2
26  2
29  4
5  79
17  40
28  64
16  72
14  52
10  6
10  66
6  81
23  38
28  35
26  66
20  22
3  81
27  68
14  23
22  86
7  4
7  20
19  87
7  67
9  87
6  5
19  53
27  67
11  53
6  5
14  60
25  57
9  3
21  66
25  17
25  8
8  15
25  53
1  44
11  56
11  49
17  2
4  31
20  54
3  4
22  22
24  21
26  8
11  5
15  47
11  68
25  86
27  27
9  71
29  3
22  18
24  5
22  9
13  84
5  16
3  47
19  26
26  34
11  54
26  60
17  25
19  20
14  85
24  20
15  70
1  56
23  85
25  32
21  46
9  72
1  52
24  72
21  77
2  32
4  48
28  20
2  26
2  5
19  55
19  23
18  62
11  7
12  70
1  53
20  68
29  87
26  55
27  70
23  10
5  25
3  40
13  71
24  55
14  11
26  18
4  56
10  2
11  27
10  16
27  32
19  25
8  45
8  67
5  51
16  79
23  42
15  44
18  44
20  19
28  74
23  74
25  42
27  32
19  58
2  87
1  39
16  7
9  78
20  46
28  43
7  38
19  80
6  87
9  53
22  60
7  22
7  26
6  50
28  33
20  23
15  63
16  27
5  58
25  70
1  20
14  67
12  52
24  13
5  22
8  38
7  12
17  75
19  45
4  19
1  52
27  30
17  29
7  43
5  88
10  9
1  47
17  23
7  12
13  71
23  4
4  12
29  48
15  5
3  2
27  66
6  44
21  3
4  51
1  64
10  11
6  51
24  61
8  42
10  76
22  48
26  61
11  75
21  11
7  48
10  82
7  26
1  52
14  58
5  32
26  49
8  24
23  32
22  65
19  48
7  38
12  14
28  61
21  86
4  19
20  32
9  11
9  64
27  17
3  55
23  45
6  72
13  83
6  69
17  16
20  31
1  55
17  27
16  73
15  50
4  82
6  18
8  32
10  64
26  47
18  79
11  16
29  73
18  24
29  84
6  60
19  64
16  27
11  69
15  11
21  26
27  85
8  32
10  13
8  5
17  2
25  76
23  84
8  9
28  11
9  2
14  83
19  17
17  45
12  15
19  18
14  35
29  8
22  55
19  39
3  27
5  45
8  51
4  77
6  19
2  63
22  35
20  1
23  22
5  42
25  52
14  63
1  64
18  55
7  27
20  25
10  7
14  77
23  80
13  40
25  60
18  9
10  84
2  80
20  42
21  38
20  58
19  40
23  22
5  37
23  1
20  39
7  69
23  78
9  23
11  88
28  24
5  5
19  15
16  86
8  26
21  53
26  68
15  24
8  40
18  39
5  35
10  29
21  88
7  12
14  77
29  41
15  26
13  38
13  2
14  6
13  9
17  59
24  70
18  51
19  43
17  81
25  63
15  32
5  12
3  35
16  52
4  79
28  63
9  34
13  31
2  28
10  60
7  83
10  36
4  62
24  82
24  15
24  79
8  11
17  86
16  54
27  1
22  55
3  66
18  27
22  3
12  85
19  71
26  51
26  17
21  20
14  66
20  29
17  65
17  83
14  10
17  82
6  57
14  4
8  23
11  30
3  51
12  60
25  13
18  53
19  75
16  33
19  86
5  22
18  23
26  66
28  67
2  75
3  70
8  50
28  67
26  22
8  74
22  5
23  2
9  22
26  77
27  1
14  43
15  15
16  31
1  54
2  30
8  37
25  85
2  62
1  50
8  9
1  11
22  85
28  75
18  41
15  83
5  65
13  29
16  12
26  43
24  2
25  86
18  83
28  75
24  27
29  71
15  65
7  84
22  87
12  76
23  35
22  9
13  36
10  7
20  57
15  1
28  51
8  88
27  10
4  26
17  77
13  23
3  11
2  71
8  87
24  80
29  9
18  35
10  46
2  61
12  49
6  11
6  59
9  79
22  86
16  80
9  8
24  14
11  51
11  34
20  9
15  19
21  77
15  37
15  28
8  84
19  2
9  7
8  88
3  32
26  67
1  71
8  65
27  86
5  45
12  72
4  82
1  58
27  51
1  35
1  64
27  64
9  14
21  56
22  78
24  70
13  13
25  53
24  19
4  38
25  84
13  20
18  13
9  1
17  33
6  9
14  57
4  44
14  57
2  50
25  79
29  70
10  63
23  37
13  50
15  32
14  13
7  28
4  54
4  75
4  65
14  35
5  80
19  85
6  41
17  80
29  65
6  12
18  38
22  58
9  11
19  32
9  4
22  75
29  25
23  21
6  16
6  46
6  83
17  62
6  72
11  32
6  31
19  59
28  70
19  50
14  72
23  59
5  45
24  13
28  35
4  2
25  10
24  4
24  29
7  36
20  59
26  85
21  85
17  7
6  27
15  8
6  80
15  29
11  4
29  38
21  31
11  7
6  58
17  66
16  18
18  26
28  22
10  83
9  80
12  61
21  57
8  7
1  44
1  65
21  4
12  1
13  41
19  7
15  6
4  28
4  54
19  77
8  29
11  70
10  11
11  9
25  19
18  29
12  66
5  3
7  58
26  60
18  54
12  23
29  16
29  79
23  38
23  32
13  28
22  26
18  66
15  78
3  86
19  45
3  45
23  72
1  18
12  74
1  73
28  74
19  85
6  61
24  53
22  40
1  38
24  59
20  58
10  16
7  86
28  43
21  9
14  28
9  32
26  7
16  54
7  29
1  65
5  75
16  80
4  72
20  56
12  5
4  62
12  28
1  78
6  83
19  66
10  26
26  15
26  55
2  57
20  11
10  39
19  38
14  1
2  37
18  22
3  84
28  58
23  14
15  76
2  49
12  45
18  15
4  20
4  22
27  15
24  17
3  60
18  16
1  38
2  59
9  35
13  20
15  42
13  1
15  82
7  1
10  69
13  6
4  43
5  8
10  3
2  27
27  85
20  54
18  10
28  53
15  61
10  25
15  67
7  10
4  37
15  78
19  30
25  28
9  64
26  65
12  73
15  68
5  67
7  13
17  34
2  7
7  6
10  15
29  48
19  60
17  65
21  6
5  53
1  76
29  63
15  38
6  14
9  16
20  29
9  71
25  49
15  38
27  43
25  58
18  29
18  36
6  33
5  4
1  85
25  3
14  27
14  65
14  37
5  20
11  45
26  42
29  75
19  22
23  24
1  78
22  54
26  53
16  34
16  85
19  34
13  84
4  33
14  15
18  2
16  84
14  49
20  65
5  52
14  82
14  64
2  23
16  64
22  28
1  73
13  27
10  25
26  68
27  45
28  76
1  57
24  83
3  59
17  87
18  33
14  15
10  88
20  10
9  54
5  29
3  87
8  83
12  76
11  6
14  3
10  12
8  15
15  62
9  15
21  50
3  36
5  16
1  60
17  49
24  45
9  3
13  51
3  17
29  9
24  31
27  54
28  20
18  7
6  32
20  3
13  12
1  12
13  9
16  40
2  57
8  7
13  74
24  15
28  65
16  20
21  35
19  11
9  54
6  53
13  86
29  49
15  83
5  10
9  48
7  16
10  6
27  18
14  79
6  33
13  7
20  71
1  13
9  38
6  15
28  54
2  19
12  62
10  66
6  68
27  62
22  23
29  29
14  73
9  46
29  67
10  48
20  80
2  49
22  51
5  28
1  13
29  36
7  86
13  53
1  37
19  10
6  67
25  56
25  81
7  26
21  17
1  78
3  66
4  44
8  38
29  23
12  22
8  76
3  5
18  23
10  41
29  70
4  46
13  77
21  4
24  7
3  33
27  6
10  74
13  26
20  74
13  13
8  69
14  16
10  46
25  38
14  37
3  78
6  68
8  46
5  48
1  18
17  5
27  20
23  83
26  46
17  44
16  59
2  63
22  27
17  15
10  21
27  52
13  87
12  67
25  33
12  1
2  55
29  27
16  69
22  49
13  69
8  32
17  43
23  39
29  26
29  66
16  8
23  18
26  60
24  29
5  40
25  33
2  49
15  84
7  35
20  64
15  74
24  18
1  83
11  17
18  1
7  75
5  51
9  51
1  2
1  71
1  33
25  46
10  5
20  15
8  60
13  36
12  82
1  70
22  78
25  74
22  11
2  16
12  10
26  76
8  45
5  5
12  6
3  27
14  54
15  71
26  18
10  2
25  24
14  23
22  15
2  4
25  12
21  11
12  73
2  16
19  72
23  43
5  69
27  29
29  25
13  15
22  43
20  45
4  9
1  42
16  20
21  85
15  1
23  81
22  84
8  67
20  55
7  44
12  56
26  23
15  33
10  84
14  33
20  34
23  40
19  59
2  71
18  25
29  54
4  14
24  31
18  50
14  31
18  78
12  85
14  61
13  75
24  18
23  74
6  67
10  66
9  29
16  78
14  50
8  6
3  78
22  54
6  71
23  44
18  3
20  39
4  67
28  2
5  52
23  16
3  54
26  18
12  86
2  12
2  6
15  21
27  53
9  37
6  17
10  33
11  39
5  50
20  29
12  75
14  72
22  65
6  71
11  45
6  48
20  5
16  16
22  73
4  62
22  16
29  17
19  67
24  8
26  41
13  88
21  2
27  24
13  23
28  40
26  62
14  8
17  4
19  69
17  51
28  30
7  51
6  69
29  37
14  8
16  2
10  87
2  66
21  33
27  24
24  47
8  26
15  82
21  15
27  56
2  73
16  33
21  51
18  24
16  68
5  45
22  40
17  47
29  63
23  46
9  79
21  23
4  69
5  17
11  81
25  53
22  39
4  74
24  74
9  78
24  11
19  64
9  63
7  58
7  6
11  53
29  72
23  68
7  42
29  11
21  30
14  48
29  57
24  39
10  29
6  27
6  63
7  72
29  59
17  22
1  19
24  88
17  30
6  43
16  77
3  10
15  58
14  86
17  17
5  18
2  56
5  84
28  83
11  80
8  32
3  71
21  33
1  4
2  79
17  15
12  84
12  3
9  49
16  58
18  6
12  88
28  56
28  60
29  52
16  43
11  26
9  15
22  12
21  61
29  78
23  76
1  48
6  33
28  47
22  24
4  74
15  5
11  63
26  40
6  85
1  30
11  29
2  20
26  10
11  47
1  31
19  55
15  15
19  74
14  32
10  4
9  33
8  76
29  74
20  66
7  51
27  29
17  13
19  65
25  44
29  85
23  70
29  75
15  5
14  88
3  72
29  19
7  56
11  50
27  14
26  16
23  74
3  27
18  46
4  58
12  16
18  4
13  39
10  36
29  21
18  16
19  83
6  88
25  66
9  83
1  5
19  29
12  84
19  38
3  36
20  4
21  34
3  48
1  46
24  6
20  36
14  62
21  45
23  39
3  44
17  51
25  61
24  62
6  16
9  8
29  27
6  2
26  61
22  45
24  63
28  22
7  5
17  21
1  18
18  5
18  18
6  30
23  8
24  54
20  8
14  54
8  15
21  48
19  22
5  15
1  22
7  54
23  85
7  59
19  30
7  13
14  47
18  23
6  4
24  65
9  17
18  52
25  76
17  27
5  73
15  73
17  71
9  45
25  47
19  82
21  5
14  19
1  24
19  84
22  83
3  59
18  46
3  21
12  30
3  53
11  64
22  64
15  6
17  28
5  64
24  63
6  12
16  51
13  16
7  15
2  75
22  25
29  51
11  63
4  82
28  68
17  26
10  64
11  87
8  33
9  60
5  5
19  21
29  50
6  27
3  76
23  31
12  21
27  22
20  52
23  58
18  28
23  17
11  28
24  46
16  39
4  54
16  50
28  53
2  83
4  7
4  65
5  66
25  38
23  32
27  88
4  35
26  47
12  9
15  66
5  71
27  42
26  50
28  72
25  88
17  26
27  21
16  64
11  10
28  13
21  39
4  65
1  25
2  59
25  47
18  12
10  86
13  71
5  29
7  60
26  43
14  52
19  68
8  86
5  74
15  16
5  15
26  34
4  41
26  44
29  23
9  87
29  56
14  81
16  59
6  18
28  40
9  3
6  21
1  23
22  37
12  82
25  44
20  78
19  69
2  4
11  12
2  71
20  47
19  12
22  79
10  86
13  12
4  14
15  55
5  79
27  73
22  55
27  16
2  10
2  59
1  49
25  2
24  71
17  32
17  68
18  13
3  3
17  12
12  86
9  59
11  33
16  25
19  12
3  18
20  50
15  53
8  22
28  78
26  77
5  64
28  54
9  26
29  30
10  2
5  33
16  24
20  82
4  1
13  84
19  4
12  57
6  72
6  7
9  44
28  11
16  49
18  45
24  26
6  19
21  60
8  66
5  80
15  54
9  37
15  11
19  82
12  4
28  17
24  33
12  39
28  30
7  56
2  45
1  72
4  86
26  36
24  85
2  15
22  73
11  41
22  45
18  9
20  8
27  19
7  55
23  36
3  33
11  50
4  51
12  1
24  50
24  40
5  22
17  18
4  7
5  17
28  15
1  68
25  46
18  73
23  61
5  22
1  66
1  17
13  74
9  88
3  61
24  51
3  42
18  21
2  75
8  81
1  12
22  72
26  45
14  17
8  63
6  34
8  67
5  11
28  86
19  26
4  65
22  24
10  44
24  75
5  58
2  85
25  80
15  57
10  8
12  5
3  10
7  35
20  49
14  34
20  67
23  58
8  34
5  77
19  49
15  8
7  16
26  1
2  72
13  10
7  10
17  43
14  73
20  30
6  48
12  12
14  86
10  53
10  62
19  45
24  75
7  17
27  73
19  49
28  78
10  32
7  88
7  70
18  48
11  62
2  60
22  59
23  42
6  78
12  79
18  35
22  40
5  10
13  48
23  33
7  73
6  6
17  22
20  49
11  84
6  16
7  40
14  5
29  3
14  50
11  3
29  61
10  3
26  78
14  67
4  53
22  26
29  16
8  31
2  18
25  79
8  24
7  33
3  77
5  70
13  77
21  76
20  14
26  57
3  10
10  68
20  49
13  87
9  60
14  1
6  84
25  88
12  1
4  75
13  54
5  37
9  10
17  86
13  34
23  44
21  9
15  24
9  17
17  11
6  83
6  62
21  27
18  8
14  63
22  2
13  38
17  15
12  77
12  47
8  84
24  83
2  64
12  58
18  1
20  74
4  20
18  27
28  19
1  21
7  15
12  9
22  48
3  5
20  27
28  33
26  42
20  7
27  2
3  8
23  62
18  8
15  88
7  51
19  88
5  18
15  85
17  30
4  16
6  53
5  16
28  9
6  47
2  69
8  12
20  12
27  58
5  58
14  78
4  44
19  54
2  67
19  84
11  83
24  41
13  10
23  87
14  83
20  47
2  50
2  73
3  67
6  50
25  43
15  48
18  48
11  32
11  4
9  64
25  84
21  41
12  32
23  12
25  75
4  86
8  17
22  62
27  48
25  51
8  16
29  82
1  52
23  52
6  34
26  79
26  63
16  19
10  67
8  5
6  60
8  40
2  23
28  47
16  1
2  15
1  67
1  65
