4487
5000
779.76
651.0416666666666
547.9792666666667
520.4290666666667
489.2454
472.7712666666667
451.0134
423.69606666666664
411.0192666666667
401.4744
395.93126666666666
372.5664
358.20826666666665
372.25126666666665
380.48806666666667
352.0536
359.75526666666667
349.91206666666665
340.2054
334.20806666666664
338.10026666666664
330.9322666666667
324.135
332.41926666666666
322.96006666666665
305.3066666666667
314.2160666666667
317.1174
303.88166666666666
312.4816666666667
304.1664
283.4562666666667
294.5602666666667
275.8104
278.8016666666667
293.72006666666664
287.3184
277.71206666666666
292.3224
273.91526666666664
274.4560666666667
293.4402666666667
285.3840666666667
279.0744
291.7642666666667
276.3530666666667
277.98426666666666
284.5570666666667
273.375
269.0720666666667
268.00166666666667
268.80426666666665
270.9504
256.6296
257.415
275.53926666666666
266.1336
269.0720666666667
268.2690666666667
266.9334
261.0960666666667
272.29606666666666
268.00166666666667
255.0624
264.27206666666666
260.0416666666667
254.2806
265.8672666666667
266.9334
264.27206666666666
245.50406666666666
262.9464
254.54106666666667
258.9894
255.8454
255.32326666666665
249.615
251.1654
254.02026666666666
248.32666666666665
243.20666666666668
254.80166666666668
250.3896
239.6544
254.02026666666666
242.95206666666667
253.24006666666668
252.98026666666667
241.935
249.87306666666666
238.39206666666666
249.615
248.8416
240.16026666666667
237.3846
250.64806666666667
243.20666666666668
242.6976
246.27226666666667
235.62666666666667
248.8416
234.375
243.20666666666668
231.88166666666666
237.63626666666667
236.6304
241.1736
248.0694
238.14
241.935
236.6304
239.90726666666666
235.37606666666667
245.76
241.42726666666667
234.12506666666667
248.32666666666665
235.62666666666667
248.8416
242.44326666666666
248.58406666666667
244.48166666666665
247.04166666666666
242.44326666666666
241.42726666666667
254.80166666666668
243.71626666666666
245.50406666666666
244.9926
238.14
246.01606666666666
240.16026666666667
238.39206666666666
236.88166666666666
235.37606666666667
237.63626666666667
230.88806666666667
239.6544
241.68106666666668
242.44326666666666
237.63626666666667
240.92006666666666
247.04166666666666
240.4134
240.66666666666666
240.92006666666666
239.6544
240.16026666666667
240.92006666666666
238.14
234.62506666666667
244.48166666666665
229.1544
234.12506666666667
235.1256
230.14426666666665
232.1304
231.63306666666668
229.64906666666667
238.14
239.14906666666667
230.14426666666665
241.935
228.66026666666667
229.40166666666667
233.12666666666667
233.6256
227.18106666666668
232.8774
229.64906666666667
234.62506666666667
231.3846
237.13306666666668
237.63626666666667
229.8966
224.23706666666666
236.12826666666666
223.50406666666666
232.37926666666667
239.90726666666666
220.3416
222.5286
236.88166666666666
230.64
223.50406666666666
228.16666666666666
221.7984
231.63306666666668
231.3846
224.23706666666666
225.4614
230.64
223.9926
233.6256
232.8774
226.1976
232.1304
226.68906666666666
229.64906666666667
238.8966
233.37606666666667
224.48166666666665
224.48166666666665
227.6736
239.90726666666666
232.37926666666667
234.62506666666667
222.28506666666667
237.88806666666667
229.40166666666667
225.4614
223.50406666666666
224.23706666666666
225.95206666666667
236.12826666666666
225.70666666666668
228.90726666666666
216.96106666666665
220.58406666666667
227.18106666666668
227.92006666666666
232.8774
224.48166666666665
223.74826666666667
225.70666666666668
219.615
223.26
221.31226666666666
222.77226666666667
230.64
234.12506666666667
227.42726666666667
218.64806666666667
217.68326666666667
223.26
223.9926
219.85706666666667
228.90726666666666
225.70666666666668
230.39206666666666
225.95206666666667
219.13126666666668
223.26
221.31226666666666
227.42726666666667
228.4134
221.55526666666665
221.7984
219.615
218.40666666666667
217.92426666666665
229.8966
222.77226666666667
215.76006666666666
220.82666666666665
229.40166666666667
221.0694
223.01606666666666
218.40666666666667
228.66026666666667
215.04106666666667
218.64806666666667
220.58406666666667
224.23706666666666
221.0694
232.8774
220.58406666666667
225.21626666666666
218.1654
223.01606666666666
224.97126666666668
232.37926666666667
221.7984
222.77226666666667
232.62826666666666
230.39206666666666
226.935
231.63306666666668
229.8966
227.6736
225.95206666666667
226.44326666666666
223.26
223.01606666666666
224.97126666666668
227.92006666666666
230.88806666666667
224.97126666666668
221.55526666666665
221.0694
222.5286
227.42726666666667
225.21626666666666
223.74826666666667
225.4614
225.4614
222.28506666666667
223.74826666666667
221.55526666666665
229.64906666666667
224.97126666666668
224.23706666666666
229.40166666666667
229.64906666666667
226.44326666666666
227.42726666666667
224.23706666666666
222.5286
225.4614
222.04166666666666
223.01606666666666
218.8896
223.9926
217.4424
223.9926
216.24006666666668
218.64806666666667
219.85706666666667
216.0
221.55526666666665
220.82666666666665
225.21626666666666
222.28506666666667
229.64906666666667
215.04106666666667
222.04166666666666
221.0694
227.6736
219.615
221.31226666666666
217.20166666666665
222.28506666666667
222.77226666666667
216.48026666666667
226.935
222.28506666666667
225.95206666666667
220.3416
227.6736
222.28506666666667
225.95206666666667
220.3416
226.68906666666666
222.28506666666667
223.26
226.44326666666666
224.23706666666666
222.04166666666666
221.7984
225.70666666666668
215.2806
216.0
223.9926
216.96106666666665
226.935
222.77226666666667
222.5286
223.9926
216.24006666666668
217.92426666666665
216.0
223.9926
225.21626666666666
213.8454
218.1654
225.4614
219.13126666666668
219.85706666666667
220.09926666666667
221.7984
220.82666666666665
221.31226666666666
216.24006666666668
220.09926666666667
218.64806666666667
218.1654
219.37306666666666
225.70666666666668
217.20166666666665
217.92426666666665
223.74826666666667
216.7206
212.65306666666666
214.80166666666668
212.89126666666667
217.68326666666667
226.44326666666666
218.8896
215.52026666666666
219.85706666666667
211.7016
211.22666666666666
223.01606666666666
226.44326666666666
219.13126666666668
218.8896
225.4614
220.3416
221.55526666666665
218.64806666666667
222.04166666666666
216.7206
217.20166666666665
217.20166666666665
207.68166666666667
221.31226666666666
217.20166666666665
217.68326666666667
226.68906666666666
219.37306666666666
218.64806666666667
222.04166666666666
218.40666666666667
221.55526666666665
223.01606666666666
220.3416
221.7984
215.04106666666667
214.32326666666665
222.77226666666667
225.70666666666668
213.8454
218.1654
218.40666666666667
219.615
217.20166666666665
213.8454
213.60666666666665
219.615
217.92426666666665
217.92426666666665
217.92426666666665
217.92426666666665
217.92426666666665
217.92426666666665
217.92426666666665
217.92426666666665
217.92426666666665
217.92426666666665
217.92426666666665
217.92426666666665
217.92426666666665
217.92426666666665
217.92426666666665
217.92426666666665
217.92426666666665
217.92426666666665
217.92426666666665
217.92426666666665
217.92426666666665
217.92426666666665
217.92426666666665
217.92426666666665
217.92426666666665
217.92426666666665
217.92426666666665
217.92426666666665
217.92426666666665
217.92426666666665
217.92426666666665
217.92426666666665
217.92426666666665
217.92426666666665
217.92426666666665
217.92426666666665
217.92426666666665
217.92426666666665
217.92426666666665
217.92426666666665
217.92426666666665
217.92426666666665
217.92426666666665
217.92426666666665
217.92426666666665
217.92426666666665
217.92426666666665
217.92426666666665
217.92426666666665
217.92426666666665
217.92426666666665
217.92426666666665
217.92426666666665
217.92426666666665
217.92426666666665
217.92426666666665
217.92426666666665
217.92426666666665
217.92426666666665
217.92426666666665
217.92426666666665
217.92426666666665
217.92426666666665
217.92426666666665
217.92426666666665
217.92426666666665
217.92426666666665
217.92426666666665
217.92426666666665
217.92426666666665
217.92426666666665
217.92426666666665
217.92426666666665
217.92426666666665
217.92426666666665
217.92426666666665
217.92426666666665
217.92426666666665
217.92426666666665
217.92426666666665
217.92426666666665
217.92426666666665
217.92426666666665
217.92426666666665
217.92426666666665
217.92426666666665
217.92426666666665
217.92426666666665
217.92426666666665
217.92426666666665
217.92426666666665
217.92426666666665
217.92426666666665
217.92426666666665
217.92426666666665
217.92426666666665
217.92426666666665
217.92426666666665
217.92426666666665
217.92426666666665
217.92426666666665
217.92426666666665
217.92426666666665
217.92426666666665
217.92426666666665
217.92426666666665
217.92426666666665
217.92426666666665
217.92426666666665
217.92426666666665
217.92426666666665
217.92426666666665
217.92426666666665
217.92426666666665
217.92426666666665
217.92426666666665
217.92426666666665
217.92426666666665
217.92426666666665
217.92426666666665
217.92426666666665
217.92426666666665
217.92426666666665
217.92426666666665
217.92426666666665
217.92426666666665
217.92426666666665
217.92426666666665
217.92426666666665
217.92426666666665
217.92426666666665
217.92426666666665
217.92426666666665
217.92426666666665
217.92426666666665
217.92426666666665
217.92426666666665
217.92426666666665
217.92426666666665
217.92426666666665
217.92426666666665
217.92426666666665
217.92426666666665
217.92426666666665
217.92426666666665
217.92426666666665
217.92426666666665
217.92426666666665
217.92426666666665
217.92426666666665
217.92426666666665
217.92426666666665
217.92426666666665
217.92426666666665
217.92426666666665
217.92426666666665
217.92426666666665
217.92426666666665
217.92426666666665
217.92426666666665
217.92426666666665
217.92426666666665
217.92426666666665
217.92426666666665
217.92426666666665
217.92426666666665
217.92426666666665
217.92426666666665
217.92426666666665
217.92426666666665
217.92426666666665
217.92426666666665
217.92426666666665
217.92426666666665
217.92426666666665
217.92426666666665
217.92426666666665
217.92426666666665
217.92426666666665
217.92426666666665
217.92426666666665
217.92426666666665
217.92426666666665
217.92426666666665
217.92426666666665
217.92426666666665
217.92426666666665
217.92426666666665
217.92426666666665
217.92426666666665
217.92426666666665
217.92426666666665
217.92426666666665
217.92426666666665
217.92426666666665
217.92426666666665
217.92426666666665
217.92426666666665
217.92426666666665
217.92426666666665
217.92426666666665
217.92426666666665
217.92426666666665
217.92426666666665
217.92426666666665
217.92426666666665
217.92426666666665
217.92426666666665
217.92426666666665
217.92426666666665
217.92426666666665
217.92426666666665
217.92426666666665
217.92426666666665
217.92426666666665
217.92426666666665
217.92426666666665
217.92426666666665
217.92426666666665
217.92426666666665
217.92426666666665
217.92426666666665
217.92426666666665
217.92426666666665
217.92426666666665
217.92426666666665
217.92426666666665
217.92426666666665
217.92426666666665
217.92426666666665
217.92426666666665
217.92426666666665
217.92426666666665
217.92426666666665
217.92426666666665
217.92426666666665
217.92426666666665
217.92426666666665
217.92426666666665
217.92426666666665
217.92426666666665
217.92426666666665
217.92426666666665
217.92426666666665
217.92426666666665
217.92426666666665
217.92426666666665
217.92426666666665
217.92426666666665
217.92426666666665
217.92426666666665
217.92426666666665
217.92426666666665
217.92426666666665
217.92426666666665
217.92426666666665
217.92426666666665
217.92426666666665
217.92426666666665
217.92426666666665
217.92426666666665
217.92426666666665
217.92426666666665
217.92426666666665
217.92426666666665
217.92426666666665
217.92426666666665
217.92426666666665
217.92426666666665
217.92426666666665
217.92426666666665
217.92426666666665
217.92426666666665
217.92426666666665
217.92426666666665
217.92426666666665
217.92426666666665
217.92426666666665
217.92426666666665
217.92426666666665
217.92426666666665
217.92426666666665
217.92426666666665
217.92426666666665
217.92426666666665
217.92426666666665
217.92426666666665
217.92426666666665
217.92426666666665
217.92426666666665
217.92426666666665
217.92426666666665
217.92426666666665
217.92426666666665
217.92426666666665
217.92426666666665
217.92426666666665
217.92426666666665
217.92426666666665
217.92426666666665
217.92426666666665
217.92426666666665
217.92426666666665
217.92426666666665
217.92426666666665
217.92426666666665
217.92426666666665
217.92426666666665
217.92426666666665
217.92426666666665
217.92426666666665
217.92426666666665
217.92426666666665
217.92426666666665
217.92426666666665
217.92426666666665
217.92426666666665
217.92426666666665
217.92426666666665
217.92426666666665
217.92426666666665
217.92426666666665
217.92426666666665
217.92426666666665
217.92426666666665
217.92426666666665
217.92426666666665
217.92426666666665
217.92426666666665
217.92426666666665
217.92426666666665
217.92426666666665
217.92426666666665
217.92426666666665
217.92426666666665
217.92426666666665
217.92426666666665
217.92426666666665
217.92426666666665
217.92426666666665
217.92426666666665
217.92426666666665
217.92426666666665
217.92426666666665
217.92426666666665
217.92426666666665
217.92426666666665
217.92426666666665
217.92426666666665
217.92426666666665
217.92426666666665
217.92426666666665
217.92426666666665
217.92426666666665
217.92426666666665
217.92426666666665
217.92426666666665
217.92426666666665
217.92426666666665
217.92426666666665
217.92426666666665
217.92426666666665
217.92426666666665
217.92426666666665
217.92426666666665
217.92426666666665
217.92426666666665
217.92426666666665
217.92426666666665
217.92426666666665
217.92426666666665
217.92426666666665
217.92426666666665
217.92426666666665
217.92426666666665
217.92426666666665
217.92426666666665
217.92426666666665
217.92426666666665
217.92426666666665
217.92426666666665
217.92426666666665
217.92426666666665
217.92426666666665
217.92426666666665
217.92426666666665
217.92426666666665
217.92426666666665
217.92426666666665
217.92426666666665
217.92426666666665
217.92426666666665
217.92426666666665
217.92426666666665
217.92426666666665
217.92426666666665
217.92426666666665
217.92426666666665
217.92426666666665
217.92426666666665
217.92426666666665
217.92426666666665
217.92426666666665
217.92426666666665
217.92426666666665
217.92426666666665
217.92426666666665
217.92426666666665
217.92426666666665
217.92426666666665
217.92426666666665
217.92426666666665
217.92426666666665
217.92426666666665
217.92426666666665
217.92426666666665
217.92426666666665
217.92426666666665
217.92426666666665
217.92426666666665
217.92426666666665
217.92426666666665
217.92426666666665
217.92426666666665
217.92426666666665
217.92426666666665
217.92426666666665
217.92426666666665
217.92426666666665
217.92426666666665
217.92426666666665
217.92426666666665
217.92426666666665
217.92426666666665
217.92426666666665
217.92426666666665
217.92426666666665
217.92426666666665
217.92426666666665
217.92426666666665
217.92426666666665
217.92426666666665
217.92426666666665
217.92426666666665
217.92426666666665
217.92426666666665
217.92426666666665
217.92426666666665
217.92426666666665
217.92426666666665
217.92426666666665
217.92426666666665
217.92426666666665
217.92426666666665
217.92426666666665
217.92426666666665
217.92426666666665
217.92426666666665
217.92426666666665
217.92426666666665
217.92426666666665
217.92426666666665
217.92426666666665
217.92426666666665
217.92426666666665
217.92426666666665
217.92426666666665
217.92426666666665
217.92426666666665
217.92426666666665
217.92426666666665
217.92426666666665
217.92426666666665
217.92426666666665
217.92426666666665
217.92426666666665
217.92426666666665
217.92426666666665
217.92426666666665
217.92426666666665
217.92426666666665
217.92426666666665
217.92426666666665
217.92426666666665
217.92426666666665
217.92426666666665
217.92426666666665
217.92426666666665
217.92426666666665
217.92426666666665
217.92426666666665
217.92426666666665
217.92426666666665
217.92426666666665
217.92426666666665
217.92426666666665
217.92426666666665
217.92426666666665
217.92426666666665
217.92426666666665
217.92426666666665
217.92426666666665
217.92426666666665
217.92426666666665
217.92426666666665
217.92426666666665
217.92426666666665
217.92426666666665
217.92426666666665
217.92426666666665
217.92426666666665
217.92426666666665
217.92426666666665
217.92426666666665
217.92426666666665
217.92426666666665
217.92426666666665
217.92426666666665
217.92426666666665
217.92426666666665
217.92426666666665
217.92426666666665
217.92426666666665
217.92426666666665
217.92426666666665
217.92426666666665
217.92426666666665
217.92426666666665
217.92426666666665
217.92426666666665
217.92426666666665
217.92426666666665
217.92426666666665
217.92426666666665
217.92426666666665
217.92426666666665
217.92426666666665
217.92426666666665
217.92426666666665
217.92426666666665
217.92426666666665
217.92426666666665
217.92426666666665
217.92426666666665
217.92426666666665
217.92426666666665
217.92426666666665
217.92426666666665
217.92426666666665
217.92426666666665
217.92426666666665
217.92426666666665
217.92426666666665
217.92426666666665
217.92426666666665
217.92426666666665
217.92426666666665
217.92426666666665
217.92426666666665
217.92426666666665
217.92426666666665
217.92426666666665
217.92426666666665
217.92426666666665
217.92426666666665
217.92426666666665
217.92426666666665
217.92426666666665
217.92426666666665
217.92426666666665
217.92426666666665
