5  3
20  3
20  59
25  23
21  26
2  84
8  57
29  67
10  15
12  29
27  56
6  31
11  11
4  76
16  74
27  66
5  42
22  44
13  10
26  71
27  49
7  17
26  8
6  75
24  78
26  71
25  26
20  60
25  27
17  54
15  84
7  3
16  19
22  8
7  64
11  74
20  67
24  17
8  54
24  79
15  2
2  62
12  69
17  63
23  40
20  22
5  31
1  27
16  58
20  4
9  33
16  37
10  28
15  58
16  16
23  83
14  69
7  78
22  60
26  3
2  78
2  72
10  88
19  85
18  27
5  42
12  23
23  84
7  88
24  70
24  72
28  84
13  4
9  35
20  51
15  13
5  49
25  40
23  2
18  78
24  1
18  31
23  32
2  42
12  34
1  27
18  4
11  54
8  3
5  33
22  63
24  64
12  4
4  34
15  25
20  57
27  49
4  23
5  39
16  59
4  39
7  75
24  8
4  52
7  13
24  85
27  83
12  25
24  52
1  18
13  25
6  11
11  47
7  86
23  73
26  13
23  67
4  68
17  54
5  50
8  7
11  41
29  51
9  83
22  21
27  44
29  47
22  7
21  79
25  25
1  8
28  73
18  50
24  17
6  68
7  6
3  46
14  18
13  59
16  11
29  75
15  61
21  54
25  58
16  28
19  50
28  42
23  45
27  88
20  37
2  13
7  1
23  43
4  60
15  32
21  5
15  57
27  87
22  83
27  48
13  44
4  86
9  35
15  21
27  64
27  14
28  62
6  50
16  85
23  84
13  52
21  4
14  60
3  7
19  64
18  20
13  57
29  49
13  85
29  68
20  87
28  23
15  82
3  18
20  6
16  20
17  38
5  60
8  24
12  57
25  35
6  50
21  39
19  88
12  54
21  39
25  49
9  27
20  13
23  72
28  20
14  9
19  55
6  26
6  25
25  9
11  31
29  31
16  44
28  61
20  65
6  49
15  1
24  40
23  83
2  77
26  73
17  64
24  21
24  26
16  27
6  84
8  9
23  31
24  18
12  70
20  3
21  47
3  85
26  81
21  57
28  64
12  17
24  83
14  35
6  55
24  49
25  12
23  75
18  61
27  23
2  53
19  70
10  21
13  71
21  66
27  65
6  51
25  2
17  40
15  77
4  13
15  80
3  22
19  75
20  14
22  12
21  88
20  24
6  70
21  28
16  47
18  26
21  74
17  38
2  25
22  8
11  58
15  20
15  7
5  69
1  37
9  72
6  41
5  28
8  78
23  32
26  76
13  13
27  34
12  50
2  4
23  39
2  31
15  49
13  1
1  43
13  62
10  78
26  14
11  71
8  34
20  47
16  69
9  64
3  47
14  10
12  83
28  30
26  27
18  50
8  58
1  11
15  47
7  81
29  57
16  36
18  86
4  28
13  78
19  70
12  68
7  10
22  44
20  1
18  47
22  12
22  44
9  56
24  10
27  22
15  48
22  79
8  29
1  28
7  27
10  51
26  37
20  21
6  74
12  61
23  42
4  67
16  37
21  7
16  75
9  33
10  78
10  28
2  83
14  3
2  16
6  67
22  79
2  73
19  56
28  61
28  5
3  11
23  79
2  66
7  87
28  38
11  38
12  48
24  61
5  77
28  57
16  67
20  62
15  48
5  28
6  61
16  7
5  72
18  32
20  15
19  25
22  64
14  14
3  22
24  23
10  29
15  42
12  78
18  69
13  87
16  73
17  66
9  82
4  69
9  43
24  65
17  14
8  68
17  25
7  50
22  4
26  72
13  47
4  25
15  1
29  33
22  82
22  15
13  34
4  7
29  51
16  45
19  9
13  46
2  3
7  8
7  33
1  50
15  12
8  30
26  45
21  75
21  77
29  24
5  28
8  50
18  86
12  54
6  55
21  18
16  47
28  5
24  73
6  15
16  61
19  67
10  29
16  18
25  37
9  1
12  12
20  26
3  71
26  56
25  4
15  59
18  83
12  28
21  17
16  75
19  70
16  52
2  55
1  80
29  22
7  31
1  5
6  18
6  57
23  79
22  19
11  47
4  2
4  81
21  20
5  17
14  68
17  27
10  29
18  1
22  20
20  85
26  51
8  32
5  50
1  40
12  8
3  80
3  56
12  81
21  7
17  22
10  81
25  46
16  3
25  11
8  83
14  7
23  3
8  70
16  29
7  30
18  32
29  43
4  9
6  63
3  29
28  6
18  34
29  32
3  78
9  80
16  79
19  33
11  17
2  17
29  46
10  29
23  7
26  27
17  73
12  7
24  3
25  77
26  60
14  69
5  73
6  45
1  4
28  32
20  80
10  20
5  33
18  58
21  16
26  22
9  12
14  70
25  20
23  71
6  81
22  26
5  49
26  62
9  30
3  31
17  45
7  85
22  9
11  63
5  40
15  22
15  22
24  6
29  45
1  79
12  30
8  58
10  25
6  71
25  81
20  51
16  51
17  70
17  44
17  42
19  82
18  24
2  11
15  69
3  42
28  82
29  88
20  73
7  86
3  11
3  41
3  6
1  47
20  36
16  21
21  63
7  59
27  88
10  23
21  7
29  86
14  44
26  41
10  52
22  84
1  7
10  42
12  62
16  84
16  43
15  16
6  72
13  86
2  17
16  38
3  70
20  5
4  88
6  7
22  61
28  46
23  39
5  8
2  14
8  87
10  22
9  65
2  51
11  56
17  81
7  60
23  32
2  36
3  20
24  76
13  74
27  41
12  39
3  47
7  59
15  75
17  26
14  76
5  59
2  52
24  74
19  77
26  32
26  7
13  2
18  38
14  71
5  16
15  42
6  51
29  32
23  21
26  11
4  46
21  77
19  15
8  57
5  30
24  27
29  17
1  71
15  80
18  30
5  79
10  38
6  1
26  81
26  16
3  69
22  17
10  4
24  77
7  65
3  9
2  19
11  15
6  55
11  21
16  45
9  75
22  45
19  19
13  34
17  49
18  44
7  10
1  52
3  57
17  48
5  83
12  78
12  20
1  61
16  35
17  15
1  8
4  44
2  6
6  56
3  68
9  75
12  77
5  81
10  15
29  40
11  81
8  31
21  85
27  7
18  45
24  1
29  9
1  70
19  87
23  14
21  52
7  24
18  54
2  24
21  4
15  38
27  53
6  51
13  77
11  79
4  30
11  30
24  83
1  41
3  64
8  16
6  61
23  37
18  65
7  4
2  35
6  46
20  12
3  21
16  57
14  26
16  20
9  82
18  73
9  71
23  14
28  42
5  12
3  54
16  67
18  41
12  34
19  36
7  51
14  57
20  60
1  19
7  26
24  57
27  8
3  69
29  38
9  33
10  13
4  1
29  6
1  75
18  82
17  75
26  4
21  83
21  35
6  56
7  44
9  40
20  52
9  23
6  18
5  8
15  83
18  80
14  87
2  87
6  49
4  64
13  5
26  56
5  65
8  3
2  6
11  49
28  72
6  72
1  88
22  43
1  19
19  48
3  67
6  16
4  35
29  15
3  16
25  19
14  35
19  17
13  27
26  51
21  80
16  85
28  10
20  63
18  8
14  21
9  12
26  18
3  75
10  44
13  11
8  40
29  69
4  22
27  41
5  39
3  9
10  11
12  86
4  47
28  14
14  43
29  16
7  34
16  62
11  82
6  64
18  52
8  42
3  77
16  35
7  19
15  30
23  75
13  6
9  31
12  43
25  78
29  81
3  11
7  23
24  39
20  61
25  41
24  30
19  68
27  53
14  34
6  36
16  20
20  8
18  19
19  24
3  49
23  68
26  9
24  59
25  29
14  4
9  37
10  30
29  45
6  11
28  80
18  47
10  73
10  31
25  32
10  20
20  41
21  62
26  80
25  69
17  81
18  3
28  20
20  46
19  85
16  25
5  57
4  18
16  69
19  62
20  41
1  17
15  66
10  10
17  21
15  82
27  46
4  45
18  64
3  41
21  56
16  3
9  74
26  58
5  5
19  51
16  50
19  3
25  79
16  35
29  51
9  53
20  74
6  29
1  79
25  11
1  65
13  37
24  70
18  82
8  5
9  57
28  64
7  23
13  30
21  87
29  62
8  19
17  55
4  25
2  37
12  18
26  45
9  36
5  34
23  78
24  24
29  11
11  78
15  16
21  33
27  32
23  19
21  80
10  34
11  76
9  28
18  31
9  8
21  50
4  40
22  68
25  36
19  39
25  56
4  67
20  37
21  20
29  60
18  7
19  30
1  34
6  50
23  56
18  38
21  84
4  38
21  21
3  43
11  8
19  82
1  68
8  69
14  54
15  47
9  4
13  17
27  15
25  42
12  41
10  51
22  78
1  64
3  48
21  18
16  74
28  81
5  38
26  47
5  26
10  64
25  12
17  53
16  62
7  56
25  6
20  34
8  68
16  80
13  38
15  52
29  17
4  88
20  5
25  45
21  11
2  81
5  59
12  39
29  53
26  1
11  9
20  40
26  59
8  36
10  62
28  7
12  1
19  59
29  22
8  68
29  63
26  64
13  76
27  67
18  71
4  40
27  49
27  81
29  37
23  23
22  42
11  13
1  46
5  39
26  37
19  24
28  65
26  17
6  27
23  29
6  16
10  73
22  80
10  81
4  31
29  29
17  46
28  19
2  4
15  63
12  53
16  85
8  69
15  30
14  14
17  64
9  12
24  72
9  66
23  76
15  30
13  35
27  23
1  61
29  55
3  7
16  19
3  46
24  47
22  37
6  54
19  26
26  15
18  10
24  60
19  61
15  60
14  76
2  72
24  39
10  27
29  51
25  2
4  64
23  51
19  73
14  33
24  61
18  45
15  34
28  65
5  41
1  87
19  4
20  46
24  44
9  12
27  32
7  31
1  79
17  45
18  78
13  67
17  45
28  74
14  44
10  70
22  12
8  33
2  80
1  69
29  9
24  78
8  17
27  13
27  55
6  9
21  81
29  23
15  8
21  67
10  21
17  79
29  65
6  32
13  58
3  48
22  66
29  85
1  34
8  81
16  67
29  3
4  45
5  34
10  72
9  26
29  56
5  55
12  38
6  30
14  1
2  19
18  43
6  29
7  79
11  22
18  25
7  31
14  62
11  64
5  34
11  84
3  73
29  75
16  45
25  65
19  38
15  19
25  7
11  74
25  5
15  25
2  27
22  1
2  64
26  75
27  74
2  29
6  68
13  86
4  51
9  51
11  86
11  76
6  20
23  9
29  39
19  5
25  62
14  61
27  72
2  42
14  44
23  33
4  14
8  20
24  12
23  82
22  78
27  57
28  68
27  68
21  9
4  7
22  37
9  39
12  17
22  23
13  68
26  13
23  26
25  59
17  27
24  41
25  2
23  23
24  28
19  88
28  24
2  27
27  70
23  67
9  16
6  70
29  37
9  43
7  52
12  84
4  54
10  11
16  20
18  9
29  47
6  50
15  71
18  84
24  35
15  53
2  23
26  36
3  44
6  48
5  73
23  54
20  63
10  14
6  82
22  68
28  51
20  28
12  66
13  14
26  41
6  50
22  28
19  5
24  85
10  17
4  52
11  82
2  19
18  61
4  87
24  35
27  18
29  75
13  86
28  14
29  4
28  76
16  74
26  36
24  27
4  8
4  81
6  87
22  45
27  68
3  7
7  43
6  49
27  20
22  13
4  32
26  79
25  64
3  70
11  45
6  36
2  51
29  28
11  86
9  51
7  22
21  7
12  55
7  28
16  73
22  37
4  23
27  56
14  19
1  34
20  22
17  58
11  12
15  26
21  86
12  47
27  17
25  25
23  84
28  86
28  64
17  66
12  8
27  33
10  39
23  68
27  8
27  42
15  33
8  22
26  25
23  46
15  48
8  12
15  30
23  77
19  51
2  54
15  46
27  63
2  25
7  48
6  1
12  79
29  68
7  76
15  3
19  52
19  15
21  81
17  16
11  51
20  48
4  39
3  37
29  69
23  30
21  40
11  37
11  31
26  27
10  64
13  49
19  12
27  10
14  22
25  30
17  61
27  9
29  32
21  83
8  81
3  48
25  58
16  79
16  28
2  16
19  79
12  47
25  68
19  53
2  54
7  13
27  30
21  68
23  22
5  25
21  53
15  77
2  1
10  28
21  83
4  49
20  52
4  56
22  86
4  36
3  77
1  49
28  84
12  84
15  19
28  78
1  78
11  7
17  18
19  87
20  16
16  48
6  60
28  72
19  79
25  11
13  80
22  13
7  1
24  76
8  77
2  12
9  80
5  68
26  15
23  61
3  15
6  19
18  57
23  12
7  58
18  62
25  9
12  21
24  58
7  26
5  8
27  87
13  63
1  14
23  62
23  82
18  67
9  69
6  65
8  32
27  77
11  9
25  30
27  63
20  11
15  9
22  54
19  28
29  22
9  43
9  10
20  33
22  81
29  42
16  39
26  23
14  74
27  24
20  11
10  84
29  31
16  28
18  21
21  22
27  18
17  6
28  48
24  6
12  85
10  37
12  16
15  14
8  70
6  47
23  51
4  74
24  20
14  73
12  32
29  82
2  39
28  34
3  51
5  38
29  27
16  76
10  55
10  32
7  77
12  43
13  1
2  45
10  68
3  59
17  76
20  44
10  73
24  53
15  23
13  84
23  39
20  18
18  24
21  34
26  51
25  70
28  60
9  88
22  28
25  14
26  75
9  87
20  11
17  2
23  72
25  29
13  76
20  27
11  47
14  71
16  75
26  13
6  45
11  24
4  64
22  70
16  35
28  71
1  59
29  4
15  83
28  45
7  63
3  83
6  57
23  68
17  18
20  84
14  82
8  25
1  3
12  63
4  87
23  9
16  3
29  41
5  3
20  63
10  44
24  30
8  64
9  20
4  60
9  88
28  14
6  37
10  66
27  61
2  12
9  1
4  7
13  84
24  12
17  64
2  71
21  16
16  67
7  60
29  21
5  75
28  77
18  51
24  33
27  12
17  45
13  42
1  77
16  81
20  75
6  27
20  27
25  21
1  83
13  40
6  8
8  18
3  84
8  85
24  44
8  32
27  78
16  49
25  31
15  76
26  18
25  45
15  29
4  9
28  86
24  2
29  3
2  42
27  54
4  79
6  39
22  61
9  3
14  25
9  3
9  57
3  47
5  33
16  73
29  64
12  23
7  9
24  40
17  77
10  39
1  78
22  29
18  87
18  65
4  39
10  35
15  84
21  54
14  52
3  83
9  62
17  18
24  63
19  84
5  1
3  36
10  14
19  3
23  58
9  35
11  70
15  27
9  49
19  65
9  9
16  79
23  63
22  36
12  72
25  34
9  48
4  15
1  10
21  53
7  50
8  61
14  51
19  41
11  12
27  46
13  13
15  88
24  47
4  23
2  66
13  8
7  8
13  71
5  30
4  71
12  75
5  20
22  65
26  39
28  41
21  49
7  3
5  51
3  26
23  2
24  46
1  40
8  3
4  29
1  71
6  13
22  73
6  26
18  37
5  10
16  84
29  28
29  32
8  60
10  37
7  62
11  66
7  7
6  31
13  46
23  81
8  82
17  33
13  77
15  82
1  70
11  25
26  5
5  55
18  71
15  18
16  17
17  10
3  49
19  87
22  23
24  47
28  43
3  69
20  57
12  45
4  23
11  12
23  47
10  37
8  23
22  38
24  46
22  65
28  17
1  22
2  76
6  86
27  36
22  42
6  72
15  58
8  16
17  81
20  70
27  78
7  73
19  37
24  17
1  36
23  60
2  18
15  79
28  73
7  40
18  76
22  64
27  12
27  78
21  61
29  47
29  69
13  57
26  60
15  6
22  62
23  47
15  30
21  6
12  29
3  37
21  40
20  68
23  23
10  45
19  50
29  45
5  38
10  3
25  77
16  50
20  76
24  27
12  21
17  52
2  29
27  61
8  16
28  9
21  64
15  17
17  61
16  52
20  78
14  67
4  78
28  88
29  73
12  31
2  77
1  13
19  62
4  77
9  58
9  2
12  19
22  22
19  66
27  16
21  49
11  4
1  57
20  37
10  18
20  38
15  57
15  62
17  35
7  17
25  16
11  3
3  67
6  47
8  22
6  6
8  58
21  11
4  51
11  3
5  82
11  11
2  53
25  65
21  33
18  20
13  40
17  80
26  85
2  65
7  51
13  33
21  14
5  28
17  81
8  40
9  86
27  11
3  85
20  13
21  12
13  12
24  4
1  21
4  44
3  56
10  78
12  21
18  8
3  35
3  13
24  80
27  42
5  58
27  53
21  75
17  87
18  83
5  18
3  47
27  77
14  24
2  44
14  55
4  20
10  84
29  21
17  37
15  33
4  59
15  65
16  65
19  86
19  14
3  68
5  81
6  75
3  28
25  7
24  34
18  72
3  66
15  36
25  53
27  23
17  36
1  21
18  82
18  54
17  48
25  24
7  88
4  35
6  66
29  85
3  2
5  13
21  58
22  45
3  59
29  25
26  71
4  85
26  74
23  19
8  39
14  56
28  79
16  24
14  4
7  64
26  67
29  10
23  8
1  22
13  83
23  83
19  73
23  61
5  14
25  56
7  53
3  74
17  42
9  55
22  38
21  86
5  58
22  81
17  79
24  26
26  10
14  32
9  37
3  73
8  72
24  41
8  15
7  41
11  13
3  27
27  14
15  50
16  10
28  78
11  61
11  52
3  59
29  85
23  9
3  37
23  78
20  19
1  49
16  41
16  20
24  57
9  22
15  39
20  47
23  86
9  20
11  50
17  26
2  45
1  15
15  5
2  44
10  58
12  47
16  77
2  44
19  52
3  35
23  43
5  6
21  84
12  65
20  79
9  76
10  76
15  68
25  37
8  69
16  9
13  36
24  75
28  32
23  1
21  1
18  32
10  41
18  69
26  80
13  31
21  83
12  8
20  4
21  73
16  60
6  53
28  61
25  46
28  13
21  84
27  76
23  44
4  46
2  61
15  84
12  70
10  21
2  34
8  51
7  46
7  88
19  9
27  78
24  50
2  13
15  24
10  72
6  42
23  9
15  63
18  19
4  63
15  78
8  81
13  20
17  6
12  66
17  26
15  3
2  19
15  70
13  49
26  80
6  22
27  36
13  63
22  87
18  80
12  16
13  78
2  52
21  22
23  32
27  27
15  39
4  21
28  76
16  68
11  65
10  51
7  13
5  26
24  5
22  52
12  41
28  64
18  15
10  26
6  13
26  33
21  79
21  36
3  49
4  69
19  31
2  47
15  8
7  36
8  88
1  15
7  4
28  1
10  73
11  71
29  37
24  48
13  79
17  76
6  19
17  71
17  5
17  85
26  7
26  64
5  14
14  77
5  14
8  5
14  21
8  79
22  5
29  10
1  51
17  73
16  77
3  71
6  33
20  57
10  16
22  19
3  81
19  82
11  58
3  73
19  49
23  88
6  48
26  30
9  23
26  79
24  43
9  72
2  13
24  31
18  14
26  88
12  78
7  50
12  68
4  17
20  39
29  36
21  74
28  62
7  6
8  50
25  82
8  31
19  38
9  67
13  85
22  84
20  9
27  17
20  72
27  8
21  19
28  32
23  24
19  30
2  69
8  54
29  61
22  15
20  40
24  33
1  74
5  66
21  45
14  75
4  42
16  66
24  83
9  49
17  84
26  75
9  40
29  47
8  72
27  13
27  46
29  85
26  56
13  39
13  24
1  61
25  23
19  68
8  34
18  66
9  53
25  73
20  11
9  65
2  8
10  36
28  46
6  19
12  43
10  70
11  12
6  49
10  82
2  34
23  43
6  22
11  84
14  3
7  34
12  40
28  40
18  17
29  34
25  79
6  71
29  44
1  86
14  12
22  80
22  79
8  59
8  3
11  86
27  6
27  24
11  1
29  20
19  71
12  63
8  37
13  57
21  77
18  33
16  26
16  75
24  88
9  13
18  35
25  88
27  53
18  82
23  86
24  88
23  27
18  64
6  57
18  4
15  19
13  83
19  56
26  57
27  80
14  55
23  4
12  86
27  61
1  4
26  60
4  33
6  17
3  27
28  16
3  37
21  85
20  14
14  80
18  30
10  11
12  19
10  81
9  34
9  81
1  50
22  15
29  17
23  12
1  10
26  4
10  38
28  61
20  23
12  15
10  20
15  71
22  14
23  21
1  66
18  78
24  47
16  60
9  39
22  56
15  2
5  42
4  45
29  7
9  18
4  42
9  41
13  53
17  36
14  6
28  25
27  39
14  72
5  61
21  20
15  42
1  79
5  6
4  21
2  33
19  19
26  11
27  16
17  20
18  65
13  23
22  19
21  17
13  9
26  24
18  86
5  46
18  52
15  53
14  75
16  68
9  29
15  7
18  6
7  78
28  56
14  68
24  77
16  15
4  38
23  7
7  8
2  39
23  46
18  57
21  1
25  6
7  29
15  75
18  21
2  63
9  87
3  25
18  1
12  70
12  19
22  32
28  70
24  42
22  58
17  23
8  61
1  75
4  63
21  81
13  43
14  12
22  72
29  1
18  30
16  33
29  35
3  61
7  53
13  10
28  26
26  12
24  27
25  6
7  63
7  23
21  27
28  72
5  40
25  42
17  5
3  61
8  75
16  76
7  88
23  28
28  2
7  34
21  53
10  12
18  24
26  23
22  34
5  72
23  2
16  39
10  28
6  30
13  31
28  23
22  11
9  83
21  24
20  15
6  41
25  64
2  15
22  39
1  35
12  72
3  11
11  76
27  38
23  15
6  19
9  28
13  2
17  4
3  86
4  85
11  26
21  79
4  25
12  58
23  42
6  51
29  80
26  53
23  39
3  4
18  82
11  37
25  26
7  18
6  65
8  18
13  5
14  76
17  31
6  43
7  35
28  45
21  34
19  70
29  84
7  2
29  17
14  16
21  6
2  58
14  21
20  8
11  68
21  28
3  72
1  88
25  27
6  76
11  40
15  83
23  7
7  29
28  20
5  16
24  50
17  63
8  61
18  69
1  77
17  58
25  78
23  20
4  53
22  33
29  61
17  9
25  54
17  56
4  23
8  9
21  67
3  14
5  79
23  59
15  67
20  43
3  15
8  83
26  21
8  66
25  36
13  58
7  29
2  72
13  14
23  14
24  44
2  26
16  53
29  72
14  51
18  3
26  85
9  88
26  79
17  75
17  10
14  75
13  87
25  16
19  12
28  61
18  17
26  88
23  28
28  39
4  40
2  5
22  4
20  81
10  56
29  87
18  67
16  56
9  63
25  69
28  38
12  73
10  22
6  68
4  16
16  83
1  78
5  53
24  66
25  41
13  67
2  83
21  50
12  77
27  28
2  42
14  32
24  70
25  16
19  57
25  12
22  2
13  9
21  56
24  49
29  76
28  76
8  82
22  45
18  54
2  55
11  44
18  86
1  16
4  66
27  51
5  13
19  87
6  30
15  18
3  46
8  54
15  8
18  25
6  46
8  24
25  46
12  14
26  43
14  75
28  40
26  88
11  31
17  14
22  72
18  22
14  13
1  27
16  82
23  59
2  42
25  69
11  60
28  53
4  29
3  59
11  46
25  81
21  14
19  11
8  19
28  64
14  2
11  47
16  62
23  5
19  45
14  74
24  45
13  4
19  70
14  68
6  9
15  60
5  14
1  81
19  60
18  30
26  40
22  78
7  65
13  51
20  26
14  68
26  6
11  80
18  58
17  34
16  20
16  61
29  2
17  86
13  45
12  73
25  77
16  28
4  69
13  56
18  86
9  53
12  82
17  21
18  15
22  1
11  68
1  23
15  31
19  77
13  28
18  55
6  51
2  77
3  24
18  32
12  30
2  59
1  5
28  62
9  63
10  69
15  35
13  23
7  73
6  42
13  5
7  20
15  30
13  77
11  86
17  56
11  3
25  40
9  36
17  15
27  40
28  18
5  23
8  72
16  60
10  57
3  26
23  75
22  20
6  56
27  57
25  20
24  60
15  34
28  49
23  45
2  36
4  4
25  36
21  31
29  60
21  62
19  57
11  57
8  23
2  26
22  31
23  47
25  75
2  3
18  3
2  68
18  71
20  39
27  44
18  63
2  28
11  77
12  46
10  34
12  4
20  55
23  11
15  45
10  6
3  65
26  3
4  55
9  79
10  63
28  61
6  61
18  41
19  42
23  43
24  8
15  55
1  27
16  18
17  27
8  63
8  86
17  22
5  11
6  6
19  88
19  50
9  21
1  15
17  25
22  78
11  2
27  4
10  75
17  30
12  29
4  66
14  72
5  73
25  27
19  17
3  55
12  55
26  33
20  10
22  71
20  18
3  82
6  38
24  57
1  37
9  86
9  77
28  58
29  80
5  43
24  28
15  62
9  73
25  72
23  21
11  38
17  3
1  76
13  67
3  42
14  42
12  83
22  82
8  7
28  77
5  1
17  83
20  50
15  27
9  4
4  85
3  51
9  38
12  61
6  5
20  83
28  10
1  87
6  70
6  37
22  62
24  62
5  1
13  56
29  65
3  33
20  62
3  58
26  62
9  25
2  73
18  30
17  24
17  71
20  77
21  7
23  62
21  81
5  83
29  26
21  47
9  52
10  12
18  15
24  39
11  75
13  74
1  72
6  48
15  54
22  3
12  49
8  49
20  44
8  29
6  70
20  58
14  57
13  35
5  87
26  13
14  87
24  54
1  46
3  78
22  1
25  19
10  86
25  36
25  35
29  83
27  86
23  53
6  75
11  70
29  60
4  13
20  67
11  87
11  18
28  7
16  12
11  27
14  76
19  73
22  19
7  25
3  79
13  76
1  55
9  34
19  83
21  34
11  40
21  74
4  10
16  70
24  33
22  69
9  46
10  23
8  39
16  66
1  86
20  20
3  8
21  27
19  25
29  88
11  84
16  26
7  88
3  71
3  47
3  77
21  72
1  15
6  52
16  19
29  46
8  72
29  75
11  69
20  32
22  84
9  59
10  21
1  74
22  15
18  88
26  41
21  86
29  23
21  6
18  64
26  10
27  52
22  67
17  67
2  86
19  41
12  56
16  53
17  83
27  72
4  72
21  19
27  60
12  82
4  56
12  45
19  64
17  76
28  37
1  34
20  37
7  51
9  8
22  63
7  46
24  9
29  84
4  16
6  22
4  12
15  62
28  13
9  58
19  13
2  52
13  14
29  35
14  46
1  22
19  71
3  1
2  19
14  48
28  60
24  72
25  74
22  53
6  45
19  46
28  50
29  53
21  27
14  50
8  71
26  55
5  57
19  62
4  11
15  79
18  11
14  78
19  6
10  41
28  73
19  7
7  31
12  19
5  13
27  56
23  65
1  47
1  80
21  59
27  22
26  62
27  81
16  84
25  30
11  37
26  85
6  16
21  17
5  67
23  47
21  48
27  88
27  33
9  41
27  83
15  88
8  32
18  9
25  54
5  86
17  22
19  69
16  31
18  35
1  41
3  62
18  61
17  41
7  65
1  88
2  26
12  75
5  2
6  88
2  49
7  17
12  47
16  36
27  7
24  33
1  39
29  54
7  77
2  54
28  44
17  41
9  4
28  69
29  31
22  34
5  71
24  18
13  77
18  87
8  28
5  55
28  44
15  51
5  67
9  13
19  85
16  80
20  28
8  17
22  12
14  58
23  29
2  72
19  51
21  2
21  74
5  50
14  26
9  88
10  34
10  34
24  9
17  56
8  64
6  59
12  20
9  86
16  79
28  12
20  38
9  33
26  21
10  5
21  46
3  35
4  48
6  23
20  36
22  22
12  83
22  72
14  12
29  88
29  73
9  28
13  1
1  87
5  73
1  68
10  67
20  62
5  72
14  26
10  25
9  70
10  25
26  75
18  7
10  5
23  64
9  67
28  33
19  74
20  9
2  36
4  77
27  30
6  86
8  71
26  37
11  19
15  38
8  8
11  58
8  57
10  22
28  61
3  65
18  52
21  83
22  64
15  65
21  70
13  54
17  80
4  3
27  3
15  6
5  51
9  32
6  71
18  73
11  15
20  38
6  50
25  34
24  36
19  3
10  28
19  67
23  35
12  8
20  56
11  69
18  65
21  54
2  28
7  43
11  4
4  20
25  87
16  83
4  44
12  14
19  66
2  19
22  43
29  39
20  63
24  47
8  85
2  72
19  76
10  25
16  88
17  38
2  57
11  72
27  21
2  71
24  69
25  81
21  4
12  52
9  76
16  64
5  83
6  73
24  75
22  56
13  32
13  72
5  50
22  54
21  50
8  9
10  88
23  49
14  67
19  53
2  75
8  60
23  40
1  45
22  85
18  74
7  30
13  7
14  23
18  9
19  7
1  1
11  41
1  31
9  19
3  60
27  39
1  16
18  55
12  33
27  45
7  61
8  73
18  71
10  35
16  45
11  24
12  34
2  18
23  71
14  24
23  61
18  61
7  70
15  60
29  33
26  81
11  3
12  58
9  51
20  4
9  38
25  42
1  9
28  8
28  78
22  63
1  53
3  57
10  75
20  19
24  64
20  35
17  82
19  22
20  39
26  44
11  40
17  48
10  26
11  79
19  14
26  50
14  87
29  79
9  83
1  49
3  35
13  23
8  13
16  2
4  33
16  80
10  8
23  54
12  72
21  43
13  84
11  71
16  64
4  2
25  58
22  65
5  69
18  67
9  63
18  50
9  18
1  76
8  16
2  17
11  23
26  15
12  12
2  34
6  44
24  63
13  69
3  55
1  43
6  57
11  22
22  72
7  33
29  68
12  21
11  36
14  68
12  17
2  34
25  45
4  62
21  2
29  22
10  64
22  88
13  38
23  37
3  26
13  79
11  3
5  44
3  19
6  43
16  35
13  82
15  30
15  18
17  71
10  34
22  79
3  25
4  14
4  48
9  3
26  19
26  86
26  63
9  19
17  7
17  9
6  17
11  40
17  21
7  82
2  46
26  88
9  73
8  5
8  66
14  63
26  62
10  65
12  59
4  78
6  68
11  25
15  65
15  24
19  75
8  6
18  60
24  7
22  21
7  46
13  1
26  83
15  47
16  56
23  13
19  10
9  31
26  77
22  47
26  8
23  7
21  16
27  50
20  25
23  80
11  78
10  88
2  17
15  88
26  79
10  31
3  27
4  84
11  2
5  8
16  70
15  30
24  52
11  42
24  57
28  87
28  1
11  75
29  24
28  5
18  65
11  23
5  51
19  54
24  28
15  78
20  22
8  11
29  70
8  42
7  43
6  77
22  51
24  38
20  17
9  67
5  67
18  71
29  24
22  58
23  63
18  6
12  66
15  58
8  1
19  44
12  11
23  63
2  80
22  77
28  34
11  5
29  1
27  61
22  5
2  11
25  30
29  21
18  16
8  41
13  35
25  54
15  70
18  81
8  43
19  84
5  30
9  88
1  39
20  36
5  39
12  70
7  31
1  13
27  83
11  49
29  22
5  19
1  87
7  78
26  17
29  55
23  17
19  8
4  72
20  63
12  24
3  78
5  44
28  36
17  64
27  33
23  71
8  70
26  75
21  67
29  86
8  58
16  80
18  56
14  50
28  68
8  62
24  72
15  34
14  37
20  41
18  83
1  73
17  69
29  36
21  67
28  6
9  49
6  21
13  45
7  23
9  54
17  85
29  79
29  28
12  19
29  36
11  3
27  34
7  43
22  88
7  74
22  12
16  72
14  30
18  74
24  19
23  80
2  7
7  64
13  7
23  44
5  85
12  86
13  76
22  75
9  42
21  5
25  22
8  19
8  55
9  51
3  36
1  40
20  82
4  71
25  64
25  18
10  38
16  15
15  84
13  11
16  79
4  80
20  86
3  6
13  35
16  38
17  4
25  1
24  49
26  87
20  1
20  3
17  37
21  35
17  62
17  86
13  74
15  62
18  57
24  29
9  45
16  44
23  64
23  7
28  9
10  36
14  62
15  58
4  21
6  30
8  13
2  48
25  71
15  4
9  66
11  45
15  20
21  60
11  60
21  70
7  4
29  59
6  13
29  34
13  50
28  35
14  86
22  37
16  50
16  85
4  63
13  8
4  81
4  63
2  68
6  66
9  32
15  24
21  56
13  73
28  73
16  78
8  30
26  9
26  64
20  78
18  26
22  11
4  58
7  76
20  4
28  30
12  32
11  62
28  36
2  26
4  85
6  60
8  70
26  56
9  75
27  83
3  32
3  66
11  34
7  53
12  23
17  8
25  17
3  17
16  53
7  33
20  58
23  1
13  53
16  62
20  50
25  54
18  12
2  74
7  13
19  54
27  58
10  75
16  38
11  86
20  71
2  18
8  5
28  32
15  86
22  79
24  54
16  70
14  60
28  69
10  80
10  44
9  17
19  27
18  83
13  65
9  5
10  41
12  32
1  86
21  60
19  79
20  69
15  61
14  34
16  57
3  46
4  50
7  31
4  84
23  36
8  29
11  84
21  18
3  81
4  62
15  36
19  2
19  58
27  71
4  27
13  40
8  35
21  61
29  18
17  59
2  6
10  47
11  64
13  1
5  60
26  5
20  58
8  84
2  49
9  65
10  75
13  72
14  60
29  65
11  52
22  58
23  36
23  66
19  61
26  74
27  83
27  38
15  1
10  49
17  23
3  23
28  86
29  27
26  19
3  57
6  18
18  22
2  2
3  67
16  46
6  1
2  44
28  46
4  6
19  45
18  39
2  44
3  87
11  31
7  87
17  9
15  32
16  67
11  69
23  61
5  33
21  58
23  59
9  64
15  62
27  76
9  5
6  60
25  11
10  38
11  41
6  63
12  65
26  37
29  31
24  13
17  88
26  9
20  10
1  41
7  27
16  42
18  61
20  61
20  22
13  78
9  38
21  20
13  18
5  64
11  54
17  79
26  48
9  34
28  7
16  45
25  9
14  84
15  68
20  72
25  36
4  73
9  59
2  54
29  47
22  49
11  6
20  14
2  4
14  25
10  85
5  6
23  86
25  20
7  85
22  83
2  17
2  13
13  76
12  49
13  36
14  26
8  65
10  22
3  74
8  2
3  72
19  67
11  20
15  63
14  12
23  42
21  16
13  53
23  3
12  24
13  69
25  32
21  21
4  68
29  52
21  73
2  45
8  54
1  88
12  58
27  46
18  8
15  78
19  28
5  38
29  56
18  53
25  64
1  45
8  36
12  39
28  3
17  63
20  67
10  30
29  71
17  85
18  74
10  23
7  48
5  48
24  76
24  42
9  36
10  70
26  1
15  87
7  82
21  66
2  63
14  9
22  51
22  87
29  3
20  7
15  36
7  45
1  41
14  78
5  17
16  83
24  15
7  71
4  83
10  42
26  22
23  15
14  51
28  56
1  24
28  17
12  28
6  42
6  51
29  29
19  36
12  88
28  59
2  77
4  59
2  52
3  43
11  66
5  25
11  58
28  69
18  50
21  12
18  33
15  44
28  53
11  47
23  81
11  33
25  43
16  84
18  35
5  35
14  63
23  11
26  35
22  21
19  22
6  16
2  1
28  83
14  8
16  32
24  27
21  44
26  30
21  51
8  19
19  65
4  2
14  59
13  39
11  68
23  73
1  43
25  11
17  26
16  27
13  49
29  88
15  81
13  81
24  45
12  81
9  2
25  78
23  15
14  80
13  39
18  23
6  83
4  69
19  53
6  2
4  80
3  31
3  19
4  82
8  44
23  48
18  25
8  16
28  17
25  68
24  50
27  27
28  43
20  58
24  17
15  73
20  88
10  17
12  71
1  51
20  6
9  68
24  83
15  52
22  15
6  14
25  56
1  66
27  87
10  38
26  82
16  67
17  76
5  4
22  32
22  1
5  69
22  41
12  51
20  86
23  60
23  74
25  45
2  88
17  75
27  78
15  43
3  38
23  82
7  67
2  67
17  8
10  63
10  52
12  78
11  18
10  67
14  61
18  78
4  1
27  12
18  36
24  41
26  28
8  5
21  2
18  35
6  59
28  14
5  64
17  71
3  43
11  50
11  82
24  63
8  24
27  76
10  70
13  23
12  9
7  32
10  69
18  13
25  72
16  24
5  17
5  35
16  39
20  12
5  5
10  51
25  67
18  56
19  24
12  73
3  35
10  25
2  73
17  69
15  41
19  80
6  68
20  62
24  72
29  37
11  19
16  71
9  52
19  20
11  21
6  85
26  36
10  75
6  81
23  70
24  51
12  49
12  75
27  11
6  74
12  72
4  70
17  14
11  23
11  4
6  8
28  36
5  42
18  82
22  66
1  76
26  2
13  57
3  12
14  46
22  35
28  27
9  52
13  53
17  2
12  20
5  32
1  4
19  86
3  26
11  79
1  76
6  9
9  51
28  35
15  76
26  45
14  1
26  33
6  55
13  55
16  57
13  54
8  73
15  7
10  30
3  51
28  26
7  21
7  2
8  18
6  1
16  45
27  78
12  55
8  33
27  44
24  69
24  72
5  47
7  48
21  52
12  53
11  41
25  74
15  52
18  15
9  24
7  71
15  70
25  76
13  78
16  43
9  21
25  65
27  16
28  4
8  55
2  14
15  61
25  60
7  84
27  38
11  69
19  79
3  53
5  51
25  75
27  48
4  86
3  77
17  43
27  40
25  43
18  84
20  11
15  15
15  30
22  65
29  13
4  56
13  47
8  49
22  51
22  9
25  2
2  9
4  26
10  16
7  60
12  42
26  47
7  78
15  78
8  46
21  28
5  47
28  24
13  57
15  35
25  32
21  6
2  24
20  1
2  39
25  30
24  69
7  60
8  39
22  80
29  80
19  21
17  48
9  76
27  31
24  79
27  66
3  39
10  22
14  61
2  11
26  37
28  71
8  87
11  20
6  16
24  43
17  37
15  23
25  79
21  55
6  2
22  75
17  63
25  88
20  82
23  38
29  14
12  54
22  19
15  73
11  2
14  12
17  63
10  80
22  29
24  61
2  56
16  15
27  84
7  41
9  75
20  61
2  75
25  45
20  21
10  4
14  26
19  46
6  40
7  22
13  2
12  46
23  54
28  41
13  56
14  77
25  20
21  60
8  9
4  41
14  49
24  7
20  36
4  61
14  68
17  70
5  43
28  85
21  88
2  6
10  1
6  56
8  58
9  22
29  12
18  37
19  33
6  47
16  84
21  38
8  85
11  84
20  66
13  39
3  49
27  10
18  57
27  78
23  65
20  65
9  72
2  29
23  4
24  16
16  30
5  75
5  74
1  36
20  4
5  71
23  46
2  17
13  62
21  60
13  36
22  31
28  18
11  37
6  76
17  62
15  22
9  10
9  45
3  17
8  13
4  16
14  42
11  15
3  19
21  6
13  88
22  44
27  68
12  74
23  37
21  44
15  40
24  23
22  42
21  73
16  66
13  81
22  18
2  87
14  51
19  78
1  32
10  46
5  83
1  6
2  4
3  47
13  25
20  68
11  22
13  78
10  5
24  11
12  9
19  22
28  28
14  26
10  57
20  88
25  76
21  48
14  29
14  3
17  59
1  39
3  21
17  60
18  11
25  20
7  76
18  64
10  65
4  69
12  86
21  37
23  65
9  57
17  3
20  44
19  83
25  59
19  26
28  1
27  41
1  71
2  14
18  49
11  54
7  11
9  68
13  26
7  63
4  23
3  58
27  46
20  69
2  53
14  17
4  15
23  49
18  33
1  52
11  36
11  87
27  65
29  54
26  51
26  75
29  37
9  23
10  60
2  70
4  15
28  40
2  76
17  81
14  68
14  49
15  46
15  71
3  49
11  17
24  43
11  55
13  47
23  46
13  67
8  16
27  39
24  56
3  26
15  11
17  38
17  2
16  35
14  44
29  66
7  17
7  15
5  41
1  82
13  10
2  55
25  48
22  81
9  47
25  61
13  13
4  34
15  51
11  55
21  81
15  69
3  57
25  60
13  3
14  41
2  88
27  44
5  59
29  63
1  65
21  83
24  1
19  45
27  31
17  22
17  82
16  16
22  85
3  11
20  43
10  88
25  67
23  37
25  59
6  63
28  73
23  62
25  29
2  26
27  50
7  11
10  59
23  14
12  10
11  3
17  28
22  75
10  8
12  7
18  30
11  20
2  60
24  11
23  75
27  37
16  25
1  43
28  16
24  43
15  4
5  79
16  73
4  55
20  10
27  70
9  46
13  43
18  53
24  54
18  25
25  26
17  40
7  10
23  37
19  44
17  6
23  2
18  72
23  71
2  86
27  6
9  49
11  30
25  81
17  35
12  34
21  78
25  42
14  44
4  78
11  35
4  28
7  17
19  20
1  7
24  79
25  59
22  17
20  3
20  28
21  21
15  74
19  44
24  75
17  28
24  7
10  78
26  27
23  48
17  56
11  44
25  34
26  24
18  60
1  70
28  8
6  73
5  36
3  88
18  65
12  47
8  68
15  41
7  87
5  18
11  66
20  1
24  43
11  50
2  37
18  1
9  20
2  75
23  38
13  6
26  53
20  82
23  18
12  7
7  67
3  37
1  21
15  2
11  53
5  69
12  63
27  42
12  74
15  47
22  83
17  83
27  13
10  30
29  27
3  44
27  28
13  83
28  53
20  67
10  4
20  5
12  48
7  12
17  86
13  64
12  63
26  18
6  69
16  2
23  28
24  52
22  77
28  33
11  6
20  81
27  61
17  14
13  11
21  75
23  37
23  52
27  22
28  87
28  65
20  16
17  33
16  83
18  43
1  2
13  27
24  23
10  36
8  35
2  76
22  76
24  11
21  53
15  76
5  23
15  59
29  5
11  31
25  14
25  57
14  84
1  26
17  9
8  68
18  1
18  70
26  18
5  19
8  88
24  20
17  29
7  26
25  21
21  16
28  40
21  76
10  57
5  62
15  12
19  25
16  12
20  31
19  25
8  18
20  40
11  4
4  37
12  72
28  12
21  73
23  53
13  40
23  62
5  35
23  2
27  25
15  7
13  50
17  78
22  27
11  3
5  7
29  20
21  1
19  6
13  15
14  34
19  48
25  7
21  53
1  81
17  37
26  48
25  11
16  67
29  66
9  27
15  9
15  84
5  74
24  14
3  60
27  50
20  40
11  72
13  40
18  37
8  11
8  65
22  70
4  54
12  13
11  37
14  79
4  43
1  22
25  73
21  29
8  17
28  77
17  60
14  40
26  64
14  7
6  31
19  87
21  11
26  5
8  29
8  75
1  53
5  50
12  59
24  79
8  4
24  67
11  16
26  2
4  56
26  52
3  78
3  66
12  36
14  25
10  22
9  34
7  44
11  58
20  56
8  4
27  54
23  13
18  48
21  56
17  81
27  87
27  41
24  35
4  55
4  35
3  6
8  24
18  54
29  25
22  83
21  2
29  35
12  63
14  80
23  63
6  5
5  76
24  77
14  30
13  80
2  79
27  87
18  73
27  86
22  36
7  81
15  20
4  39
2  78
3  35
10  27
16  10
19  13
28  71
26  71
28  57
25  18
25  86
22  17
22  1
27  22
20  54
20  13
12  62
22  46
13  79
3  16
19  19
4  65
17  72
18  2
28  80
18  7
29  6
3  21
9  25
16  59
11  62
14  27
18  69
2  18
6  14
2  51
11  36
18  34
4  23
10  83
23  40
20  51
23  29
18  7
6  52
28  57
18  84
11  40
5  88
4  31
2  61
23  62
1  10
13  36
15  47
6  71
27  13
2  18
24  69
20  60
1  13
27  65
15  46
8  42
19  1
25  24
22  71
25  54
9  64
20  60
3  59
25  64
27  68
5  15
26  51
29  56
10  73
3  82
21  62
6  36
27  38
25  18
29  50
21  72
13  50
18  22
19  16
19  83
22  16
27  38
8  83
14  64
27  43
29  5
25  17
26  50
16  34
26  64
5  64
11  30
27  84
18  29
18  66
5  12
6  13
7  68
21  73
9  78
5  47
27  17
19  26
22  87
15  49
7  55
14  54
4  13
26  83
22  77
23  76
21  48
8  63
14  45
24  64
23  88
16  17
29  23
18  63
24  33
16  8
22  74
20  88
3  82
28  58
29  43
9  19
25  25
1  19
5  4
22  69
11  16
2  30
23  30
5  58
17  75
6  33
16  54
28  17
10  7
2  29
19  59
29  76
29  60
22  28
10  53
26  60
8  84
6  41
29  88
9  8
23  9
18  43
24  38
8  15
2  50
2  49
9  80
29  72
1  6
8  78
11  70
25  9
13  86
14  70
28  73
22  77
5  87
25  71
26  71
11  4
23  61
26  9
8  63
23  78
17  81
11  78
8  8
28  71
27  68
24  42
5  22
21  84
25  1
5  51
22  29
27  21
28  86
22  17
22  27
11  73
12  11
22  23
15  58
10  20
4  56
26  79
22  67
26  83
18  59
23  18
14  67
11  45
28  31
17  69
8  9
3  36
4  22
25  29
9  29
15  2
12  72
20  36
11  67
5  76
22  33
6  8
17  45
21  34
2  62
14  66
5  4
1  44
26  24
25  84
1  40
7  62
15  7
17  58
22  2
16  20
16  87
19  26
11  33
23  46
12  22
3  3
12  49
28  69
23  35
24  81
2  69
27  27
5  88
10  39
8  45
18  55
8  17
26  34
29  88
23  6
1  67
7  84
11  83
24  50
3  53
22  47
28  24
22  63
3  1
22  37
1  8
1  72
23  3
28  14
4  64
17  22
26  32
5  82
12  79
9  25
10  72
6  34
18  6
18  44
16  5
17  51
12  14
14  28
11  81
17  50
3  13
14  49
8  3
21  48
19  49
27  60
24  66
23  31
17  66
4  79
7  64
20  50
13  20
2  87
2  39
22  17
17  26
19  53
8  79
22  10
24  44
21  80
19  6
13  56
2  25
24  44
3  69
21  16
26  61
16  45
28  25
27  23
19  52
16  12
18  72
4  12
8  60
1  32
22  87
18  51
4  39
13  22
2  26
3  24
22  38
4  50
16  60
15  8
21  6
3  11
8  9
10  27
19  54
15  2
23  67
10  4
1  71
14  66
29  50
28  78
3  82
4  81
27  58
20  16
17  5
19  77
9  80
19  58
15  62
2  24
3  77
16  78
14  21
15  20
21  81
7  7
22  62
22  39
13  56
9  68
22  12
12  8
29  72
11  13
28  15
19  63
24  73
10  4
17  86
5  56
28  3
17  70
21  13
27  8
29  75
26  47
19  40
23  78
21  85
3  1
4  61
19  27
22  74
28  5
26  38
6  82
14  44
11  79
18  68
24  48
26  13
16  86
29  84
28  20
11  19
28  65
16  54
18  40
4  38
8  66
27  64
2  13
1  8
3  22
26  15
27  59
29  83
1  59
3  69
10  62
28  14
19  1
18  19
24  1
11  48
16  73
10  65
6  79
22  35
28  56
2  8
16  28
4  10
1  36
11  47
13  88
3  18
7  45
4  19
27  35
8  76
29  21
21  12
21  26
25  1
27  88
1  70
19  24
5  20
27  52
12  45
14  85
1  43
22  58
4  63
1  2
26  86
25  42
19  14
20  2
5  54
4  18
22  83
8  43
2  15
20  24
18  75
18  58
18  21
25  83
29  22
27  26
21  82
28  85
16  26
5  61
22  38
6  83
12  11
2  16
5  13
24  67
20  70
18  11
11  5
25  52
6  25
29  31
18  76
27  81
1  61
27  69
7  29
6  70
5  36
4  85
9  44
23  25
29  42
28  12
3  37
6  33
26  31
9  36
22  48
19  58
18  50
21  32
8  80
25  63
13  31
28  20
27  6
6  38
27  10
27  49
12  42
25  79
1  58
2  22
15  10
20  13
23  54
29  31
19  1
23  26
12  42
14  82
14  49
15  71
8  43
23  5
20  80
22  17
7  54
8  17
16  38
4  28
18  12
17  65
4  69
21  36
5  33
11  75
8  31
13  62
4  40
28  77
19  3
11  11
5  64
13  72
11  17
6  5
14  41
27  33
19  64
15  56
1  47
4  58
8  46
7  2
3  62
12  37
8  16
6  50
27  59
3  49
7  69
17  44
19  73
26  66
17  79
1  58
8  65
16  29
29  9
15  60
9  88
20  48
6  1
5  49
21  76
23  22
24  63
15  43
29  63
24  33
11  60
21  39
21  2
11  22
15  12
29  58
28  83
19  68
27  19
8  76
10  23
5  60
12  83
24  56
28  87
2  2
6  44
13  10
2  15
14  10
18  2
24  71
22  50
14  51
22  59
8  80
22  15
24  7
15  45
5  54
12  46
12  56
17  60
21  7
19  83
29  44
12  73
17  31
7  34
13  66
9  19
26  15
7  64
9  42
1  18
5  50
6  24
8  65
18  30
29  66
12  83
21  82
24  20
2  15
25  14
20  29
9  57
16  87
9  16
18  51
1  68
13  54
1  8
9  47
21  88
11  8
8  50
12  6
13  15
17  34
21  27
10  15
7  15
13  68
12  32
18  76
10  80
18  32
22  35
12  7
12  76
13  4
22  13
1  5
1  54
15  52
21  36
6  22
13  43
13  24
18  6
15  50
5  59
12  4
15  76
3  45
19  72
9  2
21  48
8  19
12  69
20  17
11  78
4  12
9  79
9  65
24  86
6  72
8  79
22  28
4  80
25  20
10  86
16  14
21  22
9  67
6  64
27  22
11  53
28  30
16  65
9  58
11  83
7  20
20  34
18  22
27  50
5  73
10  28
1  69
3  27
1  27
19  66
26  86
10  84
6  23
26  27
5  32
26  10
2  64
28  54
28  53
3  87
7  88
24  60
13  2
27  44
18  13
21  25
5  45
26  7
17  45
7  83
21  85
8  54
11  73
22  57
25  38
8  42
14  77
14  4
3  34
5  45
19  46
17  65
22  80
3  83
17  42
23  20
28  55
17  52
5  3
26  45
1  51
27  72
6  60
7  47
5  55
14  33
20  25
19  12
26  9
14  76
7  67
3  33
9  2
3  8
6  2
19  64
28  82
9  4
27  24
27  40
21  23
12  69
4  52
3  47
5  15
8  29
2  68
26  72
28  56
14  60
6  25
6  13
16  23
24  75
7  62
4  5
1  77
24  28
2  81
4  54
5  3
25  19
4  88
3  76
4  39
14  15
18  29
12  31
6  60
9  9
4  74
16  9
2  6
6  82
7  21
4  21
3  51
20  9
16  21
26  33
26  34
12  51
19  66
19  36
28  23
4  25
2  88
16  56
21  37
13  53
7  20
7  88
9  26
5  76
11  13
27  11
3  14
29  76
26  76
2  15
4  11
8  15
24  76
24  46
23  70
14  30
13  50
13  43
11  76
8  15
10  5
18  45
9  45
22  7
4  54
11  67
28  28
19  24
23  1
14  6
9  69
18  12
9  58
3  35
13  61
24  31
10  41
19  45
24  85
12  32
22  62
14  86
4  31
27  56
8  52
20  6
18  79
15  16
4  81
1  26
21  34
3  87
7  68
28  22
22  2
23  66
29  30
24  75
23  7
9  50
4  49
12  1
25  30
23  65
4  3
24  29
29  70
8  52
19  75
6  4
23  22
11  18
11  58
5  62
6  64
26  42
4  44
27  19
18  81
14  9
27  84
9  25
6  30
21  17
25  10
15  11
11  15
10  27
27  24
11  75
7  55
2  21
27  32
22  88
9  49
28  36
10  23
10  32
6  68
18  35
1  13
6  55
28  88
13  49
1  11
7  61
22  62
4  23
16  26
22  84
7  12
12  79
26  58
28  55
3  62
1  62
18  80
28  28
6  85
20  42
22  54
3  82
1  68
4  19
7  46
8  59
26  13
16  70
8  31
23  11
11  39
21  85
3  30
18  22
7  59
3  15
8  62
19  29
1  26
13  38
3  8
9  25
5  48
26  36
18  3
19  86
28  68
28  84
28  44
7  73
29  29
3  55
28  54
7  26
16  85
4  67
4  4
6  43
17  10
22  37
1  1
8  78
23  72
23  80
7  6
6  18
11  23
7  67
1  52
26  85
12  74
23  79
21  77
2  59
6  62
14  54
14  79
13  61
13  23
20  85
24  72
9  67
24  6
24  50
27  50
24  18
6  13
27  22
19  72
6  46
2  72
4  51
15  23
28  49
22  21
29  38
20  78
2  1
15  4
8  54
13  37
20  53
28  72
4  34
8  57
7  80
16  4
17  71
14  54
29  13
2  39
17  48
9  59
20  80
2  63
14  51
18  57
8  59
24  17
28  66
20  28
3  29
17  15
1  14
26  8
7  28
4  7
12  46
9  60
20  44
3  59
10  70
4  2
29  62
19  3
19  32
3  36
9  10
21  36
6  6
15  80
18  52
23  52
27  68
9  77
4  58
10  66
4  66
29  75
16  11
7  58
11  72
1  14
28  1
18  23
3  80
28  44
2  80
10  39
1  8
9  2
12  52
14  74
7  44
17  49
6  30
20  67
10  79
1  31
24  39
25  53
23  35
3  38
18  75
7  14
7  43
20  70
26  7
10  30
16  24
26  56
13  35
23  57
25  9
5  8
22  57
14  24
2  48
28  83
22  83
26  68
10  68
22  62
24  40
22  3
1  33
7  20
8  7
3  8
19  1
1  88
23  81
29  78
24  30
13  6
11  35
12  53
28  36
8  22
25  17
8  52
14  43
25  57
7  36
11  76
17  19
25  57
3  13
25  51
27  47
21  61
15  87
1  62
25  10
15  26
2  72
5  5
24  68
19  26
11  39
26  34
11  4
24  64
2  23
1  2
21  23
29  26
9  42
29  74
22  16
4  61
21  87
13  34
22  61
27  20
6  61
29  29
26  16
29  41
28  85
27  62
24  3
15  74
27  82
13  21
10  50
26  21
8  4
9  8
11  36
4  11
15  24
2  25
3  82
5  8
14  33
11  38
21  6
28  57
16  18
12  83
14  21
3  44
1  25
9  65
27  69
12  11
14  29
17  59
2  55
19  57
19  49
25  19
9  45
23  74
12  62
26  73
12  69
9  87
7  36
12  60
24  27
12  87
22  1
6  70
3  66
14  39
12  55
3  35
3  60
3  35
28  2
16  58
24  69
6  73
11  7
16  66
7  67
15  85
22  54
29  62
10  88
19  7
9  33
16  25
17  70
9  38
17  82
24  26
12  81
17  8
15  40
29  81
4  8
5  47
18  58
5  87
28  4
29  29
20  1
17  1
24  23
2  24
19  58
21  70
14  78
25  38
17  82
20  12
3  7
27  33
16  63
21  38
2  11
16  52
25  85
5  24
4  36
21  84
14  62
26  72
18  80
23  32
17  32
3  87
5  84
16  57
7  43
24  30
28  41
4  10
9  24
27  17
9  57
12  32
16  2
10  71
27  58
21  42
28  48
2  87
18  50
27  25
1  57
19  35
24  8
4  1
12  14
23  72
1  81
20  86
4  67
22  52
29  81
29  56
12  29
23  86
20  29
12  7
27  76
20  74
18  55
13  14
29  2
11  26
8  1
12  67
18  19
4  53
10  88
22  85
11  67
15  42
3  50
3  60
23  18
19  77
6  80
20  61
13  2
11  81
6  60
8  43
28  87
15  69
17  28
17  6
8  14
5  15
27  60
28  63
6  54
6  18
14  47
16  25
27  73
9  67
16  23
4  18
29  3
10  40
11  88
25  7
29  57
5  72
9  80
11  19
15  43
10  13
17  17
3  24
15  11
23  4
21  69
5  75
2  27
19  10
9  33
29  84
4  2
11  9
27  74
13  43
13  7
26  65
17  34
25  84
10  4
15  6
28  59
16  11
23  44
10  88
14  26
15  80
14  28
22  6
9  37
11  20
3  37
12  81
18  53
22  34
29  56
10  79
16  36
19  6
16  72
16  29
22  80
17  64
11  59
27  35
17  14
2  58
7  1
28  68
16  87
1  61
26  67
10  34
14  37
22  32
5  4
14  86
2  22
20  49
3  51
23  69
21  80
7  56
22  23
23  75
5  11
27  51
17  25
24  12
20  42
25  4
13  45
6  21
10  1
24  76
13  64
29  47
9  39
6  20
9  27
29  4
24  13
16  70
11  38
16  64
9  70
21  72
10  21
18  32
24  68
10  40
16  54
21  54
14  73
26  72
9  33
17  26
21  59
24  27
14  38
3  66
3  5
23  14
17  42
12  66
9  12
16  47
10  73
11  44
28  47
15  57
18  45
11  33
15  22
19  30
7  69
27  38
5  12
15  51
12  46
13  40
17  29
10  63
18  13
1  55
12  40
25  83
10  35
26  62
9  69
2  66
3  31
26  16
12  39
10  10
4  15
24  5
12  34
20  10
17  15
19  18
10  53
20  9
5  79
25  36
19  1
7  37
8  40
12  45
24  81
19  17
11  87
1  85
13  16
18  36
24  81
8  26
3  13
4  57
1  69
13  71
20  41
1  9
16  4
10  48
4  54
2  58
24  52
9  52
13  42
11  35
6  72
29  82
11  26
26  53
10  9
3  76
27  7
12  59
8  16
4  70
29  51
8  18
29  64
4  55
8  60
15  65
6  32
16  6
1  8
28  74
20  55
20  21
17  15
8  22
24  30
29  82
18  44
27  37
22  17
2  24
8  20
5  75
2  61
1  42
15  60
21  51
27  83
25  48
25  6
28  24
14  3
19  64
15  60
10  86
29  58
23  86
9  3
27  53
13  36
19  43
22  65
18  38
7  81
4  49
5  39
25  3
18  3
18  12
2  24
3  42
7  70
17  10
17  79
12  19
2  55
13  4
16  36
15  21
29  45
9  18
25  39
2  12
14  11
4  66
1  35
18  54
23  67
21  10
7  52
2  64
28  83
5  81
6  17
14  21
9  4
4  49
29  66
12  39
10  61
5  15
12  50
4  67
26  44
2  9
10  61
23  57
12  5
9  62
8  27
17  58
11  80
8  81
2  19
16  8
1  31
8  22
8  48
17  88
26  4
19  19
10  87
4  58
11  63
28  88
14  23
13  63
21  54
20  63
26  7
2  26
7  19
7  44
20  26
5  64
9  41
2  37
7  6
18  23
5  7
22  66
6  24
6  26
8  50
12  69
20  81
22  50
1  38
4  3
24  20
4  46
16  6
29  34
22  37
18  76
22  39
8  24
14  34
29  13
26  73
24  17
24  61
15  36
26  29
1  33
1  24
6  47
26  31
17  14
5  24
4  84
25  85
17  63
9  50
8  45
19  69
28  55
16  17
26  68
7  43
12  81
4  77
9  63
23  16
20  77
22  4
9  68
6  3
16  2
17  36
13  77
26  44
21  81
20  38
12  61
20  35
13  80
9  45
24  81
11  53
6  68
13  36
3  72
27  87
21  29
16  59
19  27
17  8
11  13
13  59
1  21
2  83
19  65
23  36
2  11
14  26
17  6
10  61
13  76
10  83
19  44
18  60
3  33
19  15
23  70
10  33
9  78
19  77
16  24
18  23
7  71
10  59
19  55
10  75
10  43
9  5
12  44
20  74
12  84
26  51
23  9
15  31
22  44
8  55
1  81
4  58
16  10
18  28
9  36
17  57
28  50
24  16
6  56
16  26
17  88
29  10
22  72
4  62
26  37
10  4
27  49
8  8
7  39
8  81
22  79
1  60
26  21
17  87
29  52
16  48
11  40
24  6
8  9
25  45
15  44
10  55
6  51
16  62
26  28
3  86
8  23
10  79
19  24
28  8
5  37
5  15
5  50
5  77
9  16
3  86
5  28
3  86
13  35
11  31
14  11
3  47
28  5
23  22
21  79
17  70
23  46
1  75
21  24
8  58
25  7
10  45
25  10
6  44
5  45
7  32
23  81
9  64
4  79
11  55
14  61
4  61
21  19
17  57
16  15
23  16
6  68
8  55
1  81
22  13
16  86
24  60
17  34
9  54
18  88
23  19
6  31
4  72
13  56
4  4
23  19
26  53
1  82
25  64
11  31
20  69
27  73
17  80
16  1
3  59
3  20
28  81
18  33
6  45
2  26
5  17
10  39
19  28
24  69
8  43
4  38
27  79
20  27
21  63
5  36
11  84
15  39
5  50
28  47
5  39
4  4
25  60
22  72
8  80
2  2
10  36
12  27
28  41
2  6
14  22
14  85
2  21
8  38
28  13
20  44
14  2
6  42
7  80
25  82
17  55
15  52
20  40
20  26
2  78
26  16
28  48
29  9
11  67
23  52
1  60
22  22
19  10
29  25
17  82
28  33
5  20
16  71
1  3
7  31
10  26
4  76
22  18
17  52
27  80
2  78
17  19
9  71
9  83
22  75
11  21
12  81
14  35
3  56
17  48
27  85
24  41
15  47
21  55
10  49
24  1
24  38
24  79
29  12
10  49
9  46
23  54
3  29
15  64
2  41
3  4
6  42
8  63
22  67
2  4
24  46
26  75
7  10
5  51
8  40
19  40
26  22
7  40
24  26
3  31
25  41
5  58
29  32
6  32
8  62
3  21
15  53
28  56
7  77
27  20
17  9
4  76
13  77
23  79
25  44
3  44
18  9
8  39
24  11
25  32
25  28
20  69
11  18
23  30
11  44
3  70
10  25
17  33
10  25
20  73
23  39
13  75
29  70
19  78
12  9
4  83
25  55
21  64
22  3
10  23
17  2
27  12
27  5
24  59
5  22
18  48
17  55
4  72
25  61
3  36
28  28
21  22
16  69
17  11
17  50
11  9
9  67
27  82
20  88
5  71
11  70
14  88
8  39
18  7
7  42
3  52
12  17
28  19
4  41
16  74
18  77
11  70
15  83
5  38
21  80
8  79
9  63
15  6
11  36
26  20
17  71
11  3
27  52
9  55
4  32
19  64
5  54
10  60
5  23
26  65
9  31
21  24
20  28
20  85
10  82
23  67
5  42
12  44
3  57
19  22
24  68
21  74
28  17
16  78
22  25
13  25
7  66
26  78
26  49
22  58
25  69
7  40
12  6
6  12
7  11
20  37
14  3
8  83
17  52
3  71
15  64
29  2
11  37
19  62
12  83
24  24
15  32
16  71
20  55
17  71
2  56
12  46
26  17
1  40
15  65
4  29
18  13
1  31
11  20
7  82
18  21
17  12
25  80
17  21
8  2
24  40
19  82
16  54
26  56
17  36
16  85
28  51
10  70
18  5
6  58
12  39
20  51
18  74
8  65
6  84
14  2
3  3
12  38
23  2
16  14
8  60
11  84
14  52
18  38
28  23
17  28
16  10
6  73
6  85
1  63
29  57
11  3
26  61
24  7
6  36
10  22
24  75
15  58
9  38
18  17
27  10
4  54
16  37
28  20
9  10
22  6
9  24
27  17
11  10
13  67
8  41
5  52
27  70
15  26
4  52
11  84
27  9
27  28
10  54
9  31
18  68
4  1
8  22
11  81
11  85
17  68
27  54
13  5
10  48
13  42
9  2
5  66
25  73
2  50
25  87
19  54
26  79
9  77
15  69
15  30
23  67
29  47
25  37
7  68
27  6
15  28
10  36
1  79
27  14
19  27
25  62
21  22
18  17
4  6
20  42
7  76
11  39
29  71
14  60
6  5
27  35
8  4
17  22
29  79
28  75
7  28
29  37
9  10
6  43
25  24
18  42
17  8
6  78
16  66
26  70
28  45
9  68
28  72
4  12
23  7
25  36
24  65
16  66
12  46
15  4
28  14
16  7
7  5
16  51
14  2
16  78
21  15
17  53
28  42
22  50
23  26
19  62
7  46
19  39
14  15
25  29
21  69
7  71
7  15
20  75
21  4
16  18
14  31
8  1
22  24
6  36
6  60
15  21
5  14
28  50
28  63
15  21
18  1
26  4
12  82
14  17
23  44
29  52
14  65
4  13
27  11
25  6
20  74
8  36
12  6
27  54
12  4
25  5
24  54
19  60
13  43
18  26
28  6
28  58
6  34
13  84
19  50
10  52
18  22
20  23
27  58
4  62
13  81
29  28
29  64
17  25
20  37
3  81
14  85
22  47
22  20
6  66
7  48
14  18
24  7
21  44
9  54
11  16
11  11
16  84
28  66
7  17
20  20
16  43
8  70
21  55
11  78
17  36
4  56
22  20
10  70
9  52
25  46
9  87
17  13
23  9
19  9
18  39
28  53
14  68
21  69
9  69
19  49
6  14
23  79
1  46
17  65
28  61
4  61
15  55
20  75
22  16
3  17
18  54
3  50
23  78
4  62
7  79
17  43
16  3
19  25
15  28
13  3
9  59
13  24
29  35
24  1
3  21
24  62
14  4
8  74
27  40
25  77
6  64
17  55
4  24
14  9
2  66
23  32
3  33
24  43
4  9
24  52
16  35
11  59
25  44
22  30
2  76
12  45
29  60
6  1
29  24
24  37
16  85
22  84
15  4
3  66
29  4
16  79
10  46
9  38
25  74
26  20
29  39
20  75
10  63
10  54
4  72
14  79
3  55
28  52
10  88
10  48
11  16
9  86
29  43
20  65
18  73
12  6
22  76
3  51
1  5
25  65
13  12
2  4
23  37
16  3
19  39
23  59
14  41
14  70
22  46
6  17
25  7
14  59
11  31
13  9
1  66
2  14
12  86
1  88
11  76
14  38
23  24
15  13
28  27
21  18
7  18
6  25
8  31
23  20
2  37
22  32
25  82
5  33
11  85
18  54
27  78
18  7
29  29
24  19
27  2
23  62
29  12
19  15
28  77
24  63
1  10
24  21
13  33
3  15
11  75
26  67
23  8
17  68
14  50
7  16
22  66
18  46
8  79
8  77
15  53
23  15
23  9
23  84
10  35
23  19
26  68
27  11
7  23
21  64
3  4
10  50
20  47
18  79
21  88
3  56
14  59
9  56
6  63
2  81
17  76
18  81
10  53
26  34
15  69
15  80
3  47
14  75
26  61
29  44
3  74
19  12
27  51
19  55
29  71
4  80
25  88
12  62
14  74
20  76
29  64
14  71
2  62
8  88
13  16
25  25
7  34
4  60
21  65
8  31
7  46
15  68
23  59
29  69
28  54
8  76
28  26
18  81
13  13
18  61
10  45
15  58
7  11
6  5
7  81
15  44
5  47
20  18
21  1
24  82
19  13
4  56
12  41
7  58
6  25
28  69
1  70
10  12
18  10
6  51
27  15
11  3
14  15
7  78
20  39
23  57
19  85
12  2
17  88
12  87
11  54
17  77
19  40
12  74
14  2
4  42
26  55
25  62
18  34
8  28
3  79
9  15
8  39
24  30
14  66
27  10
17  39
17  65
14  15
25  17
17  88
11  38
23  77
13  59
25  43
29  23
7  62
9  31
18  81
11  10
25  13
25  18
16  33
6  21
12  16
28  75
20  8
20  10
27  46
16  78
4  22
20  12
29  48
12  21
10  47
16  8
11  76
16  24
6  39
26  45
27  61
2  54
2  53
20  52
19  68
17  17
19  24
14  87
1  42
8  30
27  12
16  21
7  10
23  50
3  62
1  68
29  19
29  13
5  67
5  62
16  84
18  26
22  53
25  12
21  46
17  69
14  13
9  85
7  69
20  83
7  17
18  32
27  71
15  77
1  7
29  44
19  26
29  28
3  8
7  7
24  81
5  70
12  45
29  36
6  24
17  7
18  53
22  27
3  27
19  56
24  45
3  12
23  19
14  68
26  21
10  83
22  72
19  77
20  81
7  85
3  47
15  59
16  45
17  41
7  13
26  12
17  8
6  88
16  9
23  20
9  73
12  77
28  53
6  71
23  37
22  78
24  22
24  10
19  86
8  24
17  79
11  53
19  4
7  5
12  25
25  34
24  16
13  1
28  46
15  15
9  76
14  57
18  40
4  48
13  36
11  26
5  70
2  29
17  47
21  87
24  80
22  58
7  69
13  67
24  13
29  9
7  18
13  2
29  43
4  41
17  82
15  12
28  47
3  2
13  58
19  26
3  80
28  70
24  29
8  47
15  64
4  9
17  84
16  15
21  10
17  2
10  84
1  66
4  29
3  87
2  68
17  33
20  87
12  28
15  27
13  32
29  82
29  4
27  14
27  50
14  49
11  22
1  7
4  72
24  19
8  57
12  46
15  10
7  31
4  7
11  4
9  27
11  22
22  61
4  27
1  72
22  28
15  65
28  47
25  57
14  15
26  10
2  23
19  55
21  86
23  4
12  11
27  76
4  34
10  41
14  47
20  29
24  7
4  40
21  87
2  43
23  36
20  72
27  88
7  21
10  14
5  37
12  85
2  46
13  41
20  50
13  47
18  45
3  54
20  53
2  51
14  32
22  61
7  55
18  56
18  71
26  85
15  88
25  46
18  15
2  70
29  38
9  15
20  76
22  69
3  7
12  24
3  4
9  24
7  41
7  81
17  67
5  69
6  73
10  16
26  1
20  31
25  56
4  10
9  29
1  9
20  87
27  50
27  69
19  32
12  12
17  47
27  51
13  44
6  26
3  58
8  73
15  23
7  5
28  37
21  61
25  12
22  11
2  44
23  45
18  33
27  3
12  47
24  52
22  13
5  17
16  46
26  3
21  50
22  32
2  75
6  80
11  11
29  22
25  3
9  57
25  14
3  75
22  69
12  25
29  11
13  33
19  88
18  26
19  3
20  77
12  49
22  9
11  66
28  76
27  34
18  61
21  45
21  62
29  84
10  56
24  4
8  14
24  77
7  68
7  88
14  16
5  10
21  38
22  85
4  65
29  38
15  61
26  17
17  2
6  64
25  51
26  59
11  45
25  1
28  43
26  20
10  46
10  35
27  65
13  25
27  58
3  50
24  61
15  14
7  11
26  46
7  63
6  68
10  1
22  7
15  28
11  43
28  58
14  39
18  55
14  16
3  2
12  51
5  80
4  56
2  59
21  18
2  88
9  10
3  54
18  44
25  58
10  57
26  80
18  75
8  67
5  39
17  86
19  13
1  19
19  75
19  80
25  23
18  2
20  43
23  57
24  51
4  51
12  50
15  52
13  10
5  27
8  75
8  40
9  35
24  26
16  51
20  53
12  58
14  72
13  66
17  68
5  80
26  33
20  82
4  59
21  33
17  33
26  86
3  38
18  81
4  72
4  20
17  38
25  62
1  39
5  43
24  22
22  25
9  25
14  61
23  24
1  36
21  2
17  46
7  67
15  36
29  11
10  74
9  56
28  48
25  3
19  58
20  64
14  47
7  39
5  7
10  71
6  62
8  26
24  69
26  44
2  63
14  69
23  57
20  30
16  83
1  88
29  27
29  80
2  25
8  22
13  84
18  45
25  75
13  69
25  17
16  52
1  15
11  51
10  45
4  68
26  44
19  81
20  66
1  48
28  72
26  4
6  57
10  61
28  48
3  38
1  36
22  15
16  88
6  33
21  27
9  23
29  30
22  84
14  19
29  7
24  67
10  3
26  64
21  75
20  25
14  26
25  76
17  73
7  37
17  18
18  53
15  41
20  38
19  11
29  82
16  78
14  84
8  32
16  6
16  35
4  73
12  85
13  35
17  47
21  83
6  67
26  72
17  32
10  63
5  27
27  67
5  3
5  71
25  62
27  55
18  58
8  85
20  67
11  71
15  11
2  21
21  25
23  64
15  48
22  70
13  87
29  35
15  17
12  73
24  19
7  79
21  59
5  24
3  64
16  11
28  12
24  24
6  69
22  26
21  67
22  39
27  13
9  68
18  60
28  45
20  17
3  27
10  10
1  47
13  31
3  66
21  67
19  63
22  22
10  32
27  7
23  45
15  7
28  19
6  73
15  80
10  77
16  85
17  20
21  77
10  21
29  42
18  6
19  87
29  46
25  23
7  87
1  76
19  42
6  4
20  35
24  30
28  75
24  35
29  67
16  71
13  46
12  54
9  80
8  67
29  3
12  12
3  56
25  17
4  42
6  11
10  54
13  50
6  30
19  47
6  30
21  64
22  38
23  58
12  85
29  80
14  87
12  33
16  61
7  64
4  18
22  69
23  62
19  57
5  76
12  30
22  46
15  53
26  80
2  25
29  26
11  1
10  62
21  67
3  66
20  84
20  8
28  52
10  40
4  38
12  23
25  53
9  49
2  9
9  33
25  81
25  10
4  43
8  22
17  47
17  67
13  18
7  30
17  29
10  47
19  37
27  76
29  38
1  57
8  41
29  29
13  37
16  1
2  25
26  81
10  15
28  13
24  77
24  1
14  85
5  79
25  60
16  71
15  55
4  85
25  57
6  16
25  25
7  75
15  16
12  4
20  1
23  34
1  17
7  68
28  6
25  85
16  60
17  3
25  34
25  78
22  36
14  14
27  57
11  45
22  68
15  11
14  8
25  1
7  68
14  53
23  6
12  36
20  28
13  37
2  29
25  10
20  70
10  42
18  9
10  18
9  64
26  50
12  39
26  35
1  71
18  22
9  63
20  16
14  5
29  18
28  59
29  28
20  76
19  25
8  45
10  78
13  80
17  20
26  68
2  30
23  57
29  52
16  71
1  5
19  6
10  27
25  55
8  56
9  34
13  87
16  57
29  38
13  65
19  31
7  1
29  69
16  76
3  19
7  8
29  64
22  8
4  55
14  79
13  59
2  67
5  64
27  41
27  44
22  31
1  61
10  20
12  76
17  12
7  55
1  24
18  60
29  82
6  24
9  70
8  48
26  83
29  39
16  57
25  79
24  5
19  83
21  80
10  88
23  14
19  27
10  57
18  85
18  86
3  44
19  79
3  51
27  80
24  2
15  29
11  56
19  80
3  52
10  25
25  67
2  13
18  44
4  33
12  88
20  8
29  61
11  32
9  65
25  59
25  35
10  57
12  13
14  75
20  69
11  2
22  44
9  30
4  86
20  35
8  79
14  53
3  23
24  20
8  52
25  42
25  87
6  26
15  33
26  3
1  75
4  65
9  68
15  5
9  61
3  75
23  65
2  1
2  72
8  87
17  34
25  33
13  17
16  18
3  24
11  3
2  40
29  9
2  57
9  61
8  52
6  4
12  63
14  55
24  74
28  45
25  79
1  44
16  55
25  86
25  62
26  80
7  64
15  6
16  54
14  50
7  56
10  76
23  23
1  59
4  18
8  74
8  13
20  85
21  51
22  10
4  80
8  61
4  25
5  36
2  87
22  81
2  6
16  62
14  67
24  18
15  52
27  58
20  50
22  75
20  58
27  83
17  9
22  47
4  53
11  31
23  56
13  70
29  7
16  38
16  74
1  88
22  4
26  49
29  73
21  16
13  79
22  27
29  70
11  57
23  81
2  51
22  38
19  60
5  34
1  48
17  69
25  48
9  45
13  75
22  15
12  24
13  32
1  87
5  73
24  48
1  1
3  44
14  52
14  80
16  57
4  7
23  2
28  87
17  52
17  68
7  23
16  80
22  23
15  4
9  48
20  40
8  25
13  38
8  63
18  45
2  42
25  73
4  60
15  64
29  37
3  72
2  21
1  43
14  33
12  36
27  46
16  44
2  84
27  77
16  73
23  32
10  63
18  81
5  55
5  88
29  20
13  43
29  77
29  14
26  42
9  5
12  80
20  56
20  7
5  53
13  80
20  12
9  60
26  51
7  16
19  10
27  13
14  41
13  19
28  45
25  70
19  73
10  33
22  41
25  6
13  26
22  87
5  30
7  23
8  43
4  2
28  11
13  83
6  54
11  36
11  59
17  16
29  54
11  77
12  3
10  29
12  32
16  67
5  41
9  10
4  85
29  57
24  30
6  75
18  46
26  19
28  29
24  85
11  54
20  40
27  81
8  15
2  4
1  71
15  2
2  74
21  29
20  10
28  80
13  49
27  5
10  77
11  62
3  1
7  87
12  87
13  24
24  2
8  72
20  15
26  44
12  3
15  32
19  39
12  4
19  1
28  56
12  21
26  66
8  24
21  52
26  60
7  27
20  56
29  25
26  23
24  60
6  33
1  40
26  6
5  39
18  6
11  33
28  79
15  63
2  54
1  40
2  22
1  38
28  30
22  67
26  68
28  38
24  63
7  58
15  59
16  53
17  30
15  45
3  87
27  62
21  62
26  65
1  22
2  47
14  23
2  19
12  81
10  77
29  42
2  66
29  88
28  73
8  67
28  65
15  65
8  14
13  29
17  74
5  66
12  31
19  65
10  35
26  26
26  29
3  22
29  84
7  19
4  71
24  25
25  39
18  50
18  48
18  39
17  22
6  77
12  29
2  78
27  41
13  83
9  67
16  79
1  61
1  87
19  36
17  54
2  12
16  37
25  35
25  88
17  11
12  3
10  19
9  19
7  23
5  81
24  27
22  9
20  79
3  25
3  4
20  44
19  29
13  15
12  72
16  27
21  36
29  73
6  61
17  52
17  74
12  55
9  8
3  15
14  63
18  51
27  66
6  33
28  52
25  82
9  14
15  53
7  77
19  50
28  8
14  28
24  23
6  41
17  71
8  38
15  50
26  27
5  19
12  55
27  71
11  52
9  23
27  82
15  26
3  26
1  55
15  48
17  40
24  20
6  75
4  82
2  50
24  77
17  2
28  50
29  56
21  72
10  79
6  6
27  7
7  77
9  7
28  13
17  3
1  59
22  8
19  71
15  36
20  27
23  12
24  8
1  61
28  75
10  35
5  21
24  56
17  64
11  60
8  68
9  27
16  82
15  4
9  64
3  85
15  83
17  68
23  83
14  80
9  56
23  7
6  18
24  73
27  78
27  25
6  36
2  35
21  13
16  32
1  67
17  7
8  56
29  79
10  72
3  63
22  27
2  30
27  50
22  22
25  67
12  66
15  8
2  41
4  1
18  3
24  66
24  32
16  55
7  16
29  3
1  13
21  32
4  52
8  57
12  3
11  68
14  76
14  51
1  23
1  41
1  55
1  17
12  58
21  26
29  12
23  64
3  45
9  52
6  6
9  67
3  36
1  67
4  11
25  50
8  75
18  57
18  88
16  78
10  35
17  7
25  6
12  50
20  85
20  2
19  72
21  3
13  69
15  23
26  66
28  41
26  16
23  38
29  67
12  19
24  30
17  2
1  43
21  14
10  32
23  38
27  13
24  39
27  10
12  49
29  78
22  51
17  10
1  75
7  67
1  21
17  22
1  21
29  62
21  80
27  26
1  52
23  74
4  33
10  63
14  23
23  58
4  62
22  84
8  84
3  37
10  72
1  57
27  86
7  52
15  28
15  22
16  1
5  74
16  53
6  64
23  36
8  83
23  28
8  4
16  37
4  85
5  16
23  50
1  40
26  33
7  45
3  74
8  88
29  42
23  81
6  82
27  20
19  84
12  58
14  53
28  43
18  62
21  57
1  60
29  87
22  88
10  81
3  9
24  6
17  61
12  39
26  47
8  51
29  42
15  75
29  11
8  17
26  28
29  22
6  13
14  24
7  78
18  10
1  7
29  61
4  16
24  29
3  84
29  14
15  88
27  53
16  18
10  3
1  36
2  68
17  40
4  30
9  14
22  13
1  24
10  67
5  86
15  45
16  13
23  88
24  67
9  18
26  14
14  30
1  66
23  63
2  17
9  21
4  68
22  29
11  32
24  35
29  20
12  83
12  55
15  78
27  14
26  47
19  27
20  4
8  49
3  50
2  44
26  26
25  85
8  56
8  51
14  82
3  22
15  69
23  20
22  34
25  22
4  56
15  53
29  75
8  78
13  35
20  69
23  55
6  85
13  48
1  29
16  50
17  22
12  13
29  58
22  74
16  87
29  73
11  64
2  39
2  68
22  20
7  32
25  83
1  7
24  82
22  74
10  17
22  35
1  32
28  3
27  73
7  68
4  53
11  24
18  18
24  32
3  26
4  1
15  23
7  40
23  82
1  70
4  67
27  39
18  2
20  52
1  52
3  81
2  65
17  41
24  10
28  45
17  73
22  3
11  25
23  35
29  3
14  53
22  2
20  46
20  79
13  58
15  62
1  43
8  1
23  63
8  67
26  56
28  60
13  37
27  35
29  45
9  35
11  11
8  20
5  46
7  34
2  8
10  59
29  70
6  9
1  14
15  39
23  84
16  33
13  40
6  28
22  9
23  44
8  29
15  76
20  32
25  72
11  33
17  87
11  21
3  44
22  27
29  52
7  70
7  10
26  41
21  85
20  12
26  83
24  21
7  15
16  18
28  69
15  11
1  15
20  12
1  64
29  16
16  5
7  81
5  35
14  76
25  60
18  18
24  28
24  80
8  31
7  8
29  85
12  80
17  45
8  73
1  55
26  10
29  54
21  58
4  34
15  77
6  68
28  14
5  26
20  66
14  82
1  5
29  52
29  22
27  56
13  37
21  62
17  37
14  44
25  85
27  18
23  8
15  49
18  76
22  10
24  64
26  28
1  78
25  77
8  8
13  81
23  47
11  32
13  30
2  42
12  69
12  62
18  9
13  16
29  33
22  48
22  44
23  15
24  14
14  37
23  41
17  78
21  32
17  67
28  63
28  68
11  38
15  27
25  45
16  12
9  25
15  48
3  43
6  65
21  26
26  56
27  55
14  42
13  47
15  49
3  13
8  86
7  37
9  29
18  38
4  49
10  15
19  70
20  2
20  53
29  5
7  82
5  77
22  1
13  5
19  55
19  53
15  13
24  78
14  39
9  73
16  35
2  23
5  45
21  83
10  79
9  36
6  62
29  71
27  56
18  65
16  25
8  49
16  20
5  28
20  38
11  50
7  47
22  54
9  34
4  52
10  76
8  82
24  25
19  17
8  82
1  69
10  58
24  71
7  56
18  28
3  55
9  78
7  72
26  72
15  17
12  71
14  87
4  60
14  15
20  79
9  59
24  5
7  8
17  81
4  35
22  9
25  27
12  23
15  34
3  80
17  54
13  66
15  60
11  62
13  44
24  36
18  63
22  6
3  5
11  13
24  3
6  64
8  49
5  75
1  34
28  67
4  52
14  55
6  24
2  83
19  68
8  70
4  59
25  27
12  54
13  21
27  35
25  52
15  68
21  52
11  67
7  84
1  57
14  52
20  38
23  71
16  18
14  80
1  18
9  25
19  22
19  79
1  88
9  82
27  15
11  64
18  41
9  48
25  31
27  36
2  42
26  7
6  11
4  86
10  72
12  76
15  11
10  6
16  36
3  5
6  63
9  1
25  16
12  2
5  11
28  82
9  72
29  79
8  67
23  52
3  2
28  71
12  79
4  69
15  5
9  58
8  80
13  45
10  29
20  31
9  88
4  84
14  45
28  42
27  86
6  22
24  50
3  87
6  39
25  66
17  31
20  44
15  13
18  14
6  11
13  66
6  52
24  5
26  76
27  77
10  15
14  65
1  79
11  7
14  71
6  48
9  44
4  40
10  52
14  42
26  78
13  24
22  17
16  80
8  65
24  19
28  3
29  15
22  74
9  28
26  42
15  3
11  26
5  65
8  87
27  28
27  59
6  5
10  52
27  35
1  64
20  48
5  70
29  29
12  33
11  9
12  86
3  38
27  20
28  68
13  11
15  79
15  28
8  20
29  81
8  9
19  22
26  18
29  36
10  31
27  15
7  26
28  5
3  55
8  6
21  69
21  51
17  33
16  80
22  73
19  43
15  62
28  54
15  82
1  33
27  73
14  56
17  29
20  76
18  25
17  77
13  15
14  37
16  37
24  32
8  65
9  63
3  30
1  52
1  7
12  16
27  64
19  56
12  83
6  31
25  16
27  4
15  6
24  35
6  54
4  26
21  8
18  2
28  13
17  77
4  58
2  86
29  6
12  4
8  35
18  57
23  8
23  63
13  23
24  10
27  18
26  65
5  33
4  61
3  54
16  20
17  50
12  7
26  32
3  39
27  7
22  7
17  77
17  11
8  86
14  22
22  36
6  33
18  49
8  39
11  47
25  21
3  65
15  71
3  34
18  54
29  27
28  29
15  35
10  27
21  46
2  43
28  16
18  38
7  27
1  43
24  75
22  84
7  75
1  10
1  25
5  27
17  68
22  87
19  46
12  75
5  60
8  4
6  18
7  69
24  3
8  12
24  30
17  22
11  29
21  43
6  63
5  12
15  61
22  49
21  2
9  47
12  67
24  46
13  70
11  81
20  71
11  71
15  85
8  78
4  51
25  79
8  2
7  52
17  43
1  54
19  19
20  28
19  88
4  13
25  40
5  46
7  8
18  64
18  74
25  40
18  48
27  34
20  4
15  72
4  58
8  35
2  37
5  85
13  78
3  37
7  52
14  9
18  29
29  26
22  34
15  65
5  40
8  87
18  43
7  83
4  69
3  84
18  68
1  86
7  82
10  66
4  22
21  45
21  15
25  74
19  49
7  20
20  88
15  52
25  9
22  25
22  81
19  69
21  84
16  51
18  47
2  71
26  66
21  78
18  21
16  69
12  35
7  53
29  28
18  35
23  36
3  22
11  57
18  74
1  18
6  25
23  10
3  33
21  4
6  73
29  73
13  60
25  44
11  16
5  55
8  1
27  70
4  47
23  17
23  22
9  24
28  59
10  30
27  36
1  72
17  48
15  79
8  62
22  1
27  58
18  21
8  18
2  85
9  38
20  46
28  14
5  27
5  14
10  88
18  76
22  66
27  9
17  12
28  78
13  84
19  22
16  76
28  41
3  12
26  58
18  52
19  6
25  55
11  20
23  44
10  44
24  86
11  56
28  59
20  79
7  26
3  8
8  21
15  60
27  14
20  84
20  86
5  65
6  9
28  75
27  77
6  65
14  48
26  31
4  81
28  46
19  87
15  5
25  7
9  45
5  33
3  50
24  9
22  69
9  35
15  46
7  23
4  55
6  5
11  36
9  82
21  47
13  64
16  80
16  51
15  65
20  88
14  79
24  32
12  84
1  58
7  18
28  39
16  34
19  47
6  50
27  41
23  37
22  39
12  5
22  88
2  75
28  55
16  39
5  24
7  35
8  11
11  65
7  57
26  62
5  11
20  22
25  59
28  70
6  34
11  80
7  88
21  57
21  33
15  31
16  5
23  62
13  16
17  33
8  88
11  62
24  70
14  82
27  75
17  36
1  43
29  6
15  79
14  37
2  20
27  42
25  33
3  40
25  63
14  86
21  49
27  87
17  2
15  60
14  77
4  20
16  40
13  74
16  82
15  20
17  27
23  44
7  27
20  87
7  50
28  2
6  79
5  77
12  4
24  72
23  63
19  66
13  35
6  32
8  52
13  58
26  74
27  25
29  45
8  5
18  79
28  75
17  47
29  4
3  65
8  24
29  10
29  1
13  2
8  21
1  58
8  74
1  61
28  78
27  51
1  55
1  88
23  12
17  68
8  7
6  19
10  58
6  20
26  78
14  7
11  59
8  80
22  50
13  56
1  46
21  2
18  32
28  27
2  50
8  67
16  35
7  64
25  65
7  33
20  85
19  56
10  48
6  9
2  60
7  15
12  29
23  38
15  54
8  19
3  72
22  15
8  84
27  34
5  74
10  13
14  58
19  88
17  40
13  25
10  69
17  70
25  72
24  10
10  27
5  43
20  25
25  29
17  78
27  15
28  71
16  50
14  17
22  26
27  21
28  29
28  65
11  81
2  81
13  11
23  76
2  9
17  28
19  64
7  45
23  33
6  6
19  23
10  85
23  12
25  53
4  41
6  43
21  76
28  79
3  28
21  69
7  16
4  66
23  21
21  76
2  86
15  27
16  78
18  52
20  41
24  51
12  24
28  56
19  75
22  83
5  33
12  34
14  4
12  73
5  47
26  64
14  73
12  88
16  11
16  71
8  21
17  68
5  31
1  60
27  67
27  51
6  88
21  14
28  40
28  20
25  27
23  37
13  5
20  51
21  67
27  5
27  3
4  83
5  73
13  51
20  78
19  50
24  26
17  78
27  42
13  24
10  5
14  47
3  64
25  87
18  58
29  33
20  41
2  20
6  51
6  17
14  9
12  44
15  38
26  78
23  85
5  71
13  8
15  57
8  69
25  16
23  35
25  70
22  42
22  3
21  24
4  17
4  88
22  85
4  61
15  26
3  53
22  7
8  24
14  33
27  56
15  43
15  50
28  57
27  18
18  45
3  37
23  72
29  8
18  2
2  38
20  69
15  86
3  76
28  51
16  41
9  76
22  51
13  12
13  54
18  29
9  5
11  77
22  10
28  83
12  86
25  10
10  68
29  60
15  64
4  26
18  38
17  55
1  4
7  5
15  25
5  7
20  63
22  5
18  35
15  14
13  54
20  32
25  19
28  67
4  9
23  51
23  11
24  20
26  67
19  72
5  77
29  52
17  39
6  65
26  47
3  78
22  76
15  2
7  62
22  23
20  10
18  82
19  62
22  31
5  67
22  66
14  7
29  16
3  2
7  28
26  81
19  85
28  46
25  52
6  9
6  52
7  63
14  26
5  49
8  60
7  80
25  54
14  83
7  7
14  27
4  66
12  6
29  48
23  47
22  3
7  15
3  86
13  5
22  64
25  25
28  39
14  38
29  81
16  53
28  85
9  46
9  48
24  42
8  4
13  76
16  75
10  37
25  49
21  39
21  87
13  1
16  84
27  34
17  78
20  1
4  46
8  40
13  82
28  64
6  59
21  88
1  39
21  55
19  1
29  9
6  76
12  71
23  31
29  6
27  10
19  2
14  6
9  68
17  67
22  14
29  3
22  87
4  11
18  49
21  50
18  72
1  2
26  13
6  68
16  73
6  40
13  29
3  26
20  14
15  79
28  86
14  22
23  37
25  60
9  71
26  72
18  14
5  46
14  80
2  7
3  28
23  37
9  54
13  52
26  34
20  19
19  61
11  42
16  47
24  30
16  68
8  16
5  65
26  36
25  76
19  68
20  61
18  76
12  9
7  49
8  61
22  3
13  63
23  66
1  63
7  44
26  61
11  4
24  45
14  6
13  61
21  71
8  39
29  26
4  73
9  5
7  82
16  2
13  15
26  65
19  44
26  35
24  78
8  9
13  20
26  27
22  54
11  52
21  62
16  67
14  12
6  77
22  61
23  85
27  83
16  29
27  39
7  38
10  11
8  68
15  4
13  13
7  37
7  40
12  55
20  18
12  68
8  27
29  67
6  39
4  37
3  17
6  62
22  66
2  23
19  39
28  80
28  16
29  36
26  29
25  29
13  59
14  37
9  28
16  62
29  21
13  66
19  41
20  12
21  74
14  7
6  23
25  37
1  81
9  23
16  48
13  4
18  19
29  77
17  69
10  21
12  34
25  21
2  80
28  37
19  3
18  71
22  57
26  62
11  76
24  76
12  78
7  72
12  62
22  70
1  80
22  65
17  67
28  28
22  36
19  14
28  64
20  59
7  47
11  63
20  76
18  45
20  49
14  46
8  15
25  70
19  19
29  32
10  68
2  57
7  88
26  66
21  6
5  23
12  71
15  44
25  14
3  63
9  46
25  9
9  51
17  86
4  72
1  21
20  31
22  81
5  88
7  85
7  73
9  70
3  51
26  74
27  69
7  6
4  34
9  29
27  69
21  29
28  5
28  44
28  59
4  72
23  24
22  35
15  68
13  61
10  41
1  19
10  62
23  70
19  71
1  15
7  58
12  54
28  84
23  17
25  42
5  57
18  60
18  1
3  3
22  32
29  67
29  38
2  44
17  42
26  34
6  26
20  21
10  76
17  35
9  25
19  56
21  82
27  48
27  74
18  11
29  27
8  71
12  4
27  84
19  32
28  64
9  26
20  67
9  44
8  68
27  47
19  58
29  53
21  72
5  10
28  40
3  33
2  56
3  75
21  81
28  66
1  20
25  35
11  63
10  74
21  77
9  7
14  52
21  63
4  32
16  30
15  13
24  79
28  33
4  14
25  8
7  84
9  41
27  34
11  38
13  10
6  73
29  54
10  1
12  3
29  52
14  72
13  22
8  81
18  40
4  41
20  4
13  76
20  85
5  18
21  19
19  79
18  27
19  79
11  6
11  31
15  72
23  15
28  72
26  67
23  80
25  25
3  82
21  44
4  10
9  47
17  83
19  62
4  73
27  78
20  30
19  77
5  24
24  52
18  47
23  33
14  20
13  64
21  13
3  2
2  78
8  22
6  73
24  75
15  46
18  40
11  46
29  74
25  8
11  85
4  78
14  38
24  74
20  13
19  82
18  56
14  44
2  1
27  10
1  34
11  78
27  31
27  57
2  58
16  36
14  5
4  74
26  39
5  45
11  73
15  77
6  66
5  55
6  15
12  66
19  14
25  13
20  9
5  76
12  9
3  25
26  56
4  70
15  8
9  49
1  50
29  65
9  54
9  77
3  81
2  4
23  69
19  39
27  18
18  74
20  34
3  49
15  2
25  39
10  5
11  2
23  67
26  35
21  86
4  9
18  45
16  60
8  1
12  7
19  20
7  64
20  82
21  65
27  32
26  8
23  81
29  68
9  48
21  46
18  87
6  87
23  70
20  48
8  23
12  51
8  37
19  25
8  61
15  46
7  85
9  70
5  66
5  67
17  61
3  70
14  61
20  58
14  56
5  57
21  58
6  6
11  24
19  10
22  63
16  26
3  54
6  53
27  74
27  59
11  7
10  40
21  28
20  72
27  55
8  29
22  88
9  44
18  58
17  30
26  83
2  34
23  53
12  32
26  61
8  72
1  1
4  8
3  39
28  44
14  16
5  56
16  59
12  81
14  14
5  42
22  71
8  43
27  16
20  35
6  57
1  38
2  88
5  65
19  67
15  82
9  38
5  29
9  88
28  1
6  48
24  26
6  13
16  79
22  18
5  3
21  64
8  9
19  54
13  56
22  84
5  38
24  85
25  65
29  35
26  8
21  52
17  49
3  34
25  52
27  80
15  68
18  72
17  37
20  17
26  48
3  62
19  84
6  34
6  79
4  55
23  35
25  47
9  35
25  9
11  12
10  53
9  73
4  19
28  6
19  36
1  54
5  4
9  72
8  32
25  52
22  26
11  76
29  51
24  5
24  24
2  45
27  13
29  14
12  61
9  80
6  52
27  69
27  12
24  70
9  75
14  27
28  78
27  80
29  86
29  19
29  41
13  1
18  36
16  88
16  84
16  55
21  12
13  66
16  48
8  74
16  80
11  41
6  72
23  67
1  28
9  8
1  57
27  22
5  87
16  11
20  50
29  56
24  48
10  73
22  85
7  56
16  49
4  58
11  19
18  41
24  24
8  57
22  68
23  22
14  48
9  10
4  44
24  5
13  76
28  21
17  54
9  21
15  36
15  41
2  29
13  7
9  30
21  49
5  61
7  79
20  62
28  26
27  62
14  3
6  53
20  66
6  25
5  27
18  85
6  10
14  72
6  39
11  2
12  29
9  73
10  28
17  42
5  86
1  4
23  7
19  6
16  29
29  48
13  39
11  30
1  18
7  33
22  46
6  24
22  8
1  21
6  33
28  66
16  3
4  1
14  11
7  75
15  17
9  24
1  45
16  45
8  69
22  68
13  9
9  13
6  55
21  2
17  57
19  25
29  52
26  42
4  68
19  40
15  44
9  21
20  25
6  5
29  86
15  69
21  66
25  36
26  13
14  7
1  10
3  11
19  70
3  59
4  87
29  42
16  31
21  26
28  24
15  83
29  73
29  31
3  79
21  58
28  87
8  79
1  39
6  77
21  4
18  40
5  62
4  12
8  8
25  5
27  60
3  73
28  3
25  15
10  18
26  73
8  8
21  29
21  68
7  10
2  3
11  77
2  87
3  50
15  3
25  48
15  42
18  77
29  8
29  1
4  49
27  7
13  69
6  30
28  61
3  46
27  87
22  77
19  28
4  49
24  75
27  40
10  79
20  83
4  11
20  49
14  22
10  88
9  33
12  22
25  78
17  53
8  26
15  69
23  67
8  4
9  5
28  16
20  29
24  45
2  49
12  82
20  79
25  54
7  73
16  40
26  58
28  20
6  19
5  81
5  22
6  55
14  68
14  38
27  18
29  33
3  61
11  42
15  54
21  7
4  65
21  42
28  23
23  62
17  44
10  61
7  35
29  86
3  13
2  76
2  16
25  50
15  36
20  3
4  33
28  86
15  52
22  22
19  48
5  7
20  17
23  4
4  53
14  62
14  75
13  15
10  53
11  69
19  57
13  10
4  42
26  71
22  23
14  57
8  9
1  52
11  32
22  27
8  87
23  2
6  43
20  27
27  67
22  12
19  33
4  10
28  71
28  87
12  85
10  38
18  71
19  55
8  34
12  22
10  31
11  54
22  16
6  19
8  56
28  37
25  71
9  57
20  67
3  81
6  18
28  27
21  52
23  15
19  45
20  9
25  8
25  71
25  15
22  29
7  14
29  84
22  32
13  17
5  10
29  33
26  43
3  34
27  13
9  53
11  29
3  56
13  21
25  8
29  12
1  67
23  35
20  19
29  32
16  63
21  63
24  43
13  84
7  56
6  86
25  15
13  61
14  14
11  4
15  61
6  82
4  18
7  42
23  16
21  82
11  22
9  24
21  28
8  24
13  17
25  27
27  32
9  42
22  80
29  32
21  42
5  61
19  86
10  14
10  62
20  42
19  60
2  88
21  31
19  44
18  73
11  16
27  36
26  55
4  18
20  45
29  60
15  42
17  34
20  29
11  73
11  77
5  51
13  11
12  1
25  43
2  19
25  66
24  63
27  81
23  56
24  39
4  46
26  61
5  83
27  26
2  30
29  7
27  56
12  29
20  20
27  82
8  44
2  67
27  78
22  27
5  69
5  2
23  84
18  49
8  37
16  81
28  48
15  43
20  71
16  10
17  6
26  61
15  80
20  48
24  52
6  10
8  63
7  82
26  51
5  10
22  76
5  22
29  51
10  22
25  12
13  14
19  82
14  6
28  51
22  46
16  14
24  58
10  16
20  83
18  69
17  45
26  60
1  45
29  84
13  67
16  26
10  13
29  13
6  84
24  56
23  63
21  38
25  5
16  45
12  1
24  64
22  14
27  24
9  1
10  62
14  30
14  23
21  67
5  1
28  57
24  77
13  8
11  74
5  2
15  17
10  16
6  40
6  8
19  14
11  16
29  61
14  77
18  85
12  52
22  84
2  73
26  52
13  78
18  13
8  19
23  26
11  68
17  88
21  56
1  23
28  61
28  29
4  57
26  16
22  44
3  50
23  1
14  18
23  59
11  12
19  20
7  50
2  41
26  11
7  57
2  34
28  60
22  19
2  41
17  14
20  31
12  21
6  53
4  58
22  37
29  74
9  82
14  70
28  75
16  88
25  80
18  18
8  57
18  57
24  86
22  1
19  1
17  11
24  16
28  82
19  86
8  11
22  33
16  17
4  62
25  80
23  40
28  50
26  48
9  46
19  79
14  86
3  14
22  79
3  6
21  68
12  12
10  19
15  28
23  73
12  30
15  25
7  86
21  55
4  21
29  75
12  30
27  81
21  35
28  70
3  37
4  45
25  1
4  23
24  72
22  64
20  56
22  78
19  38
14  77
22  37
20  78
8  31
6  78
17  42
14  66
25  6
20  17
15  75
11  57
1  24
23  11
22  30
9  83
28  67
23  56
4  10
18  26
17  39
1  1
3  40
1  9
13  39
11  3
2  53
22  48
25  33
23  6
15  5
25  45
24  41
13  35
9  17
6  51
23  49
27  45
13  73
4  47
17  60
14  32
12  34
2  21
23  70
9  29
24  9
19  63
5  45
9  51
26  70
13  62
13  66
16  31
1  34
9  6
13  32
17  36
8  8
10  62
12  44
24  35
27  7
18  29
6  3
28  20
28  21
13  54
20  6
23  35
20  77
25  4
16  64
13  35
28  2
5  38
18  22
18  5
5  49
10  43
12  6
26  10
8  83
24  87
9  88
19  76
18  8
29  84
27  23
2  17
13  76
10  25
26  9
11  7
26  29
7  62
16  18
11  33
3  26
16  85
25  77
22  48
14  37
13  50
26  82
2  57
17  34
25  28
19  16
14  85
28  13
25  57
22  4
28  68
3  39
29  21
2  88
3  9
12  25
1  35
28  45
3  41
14  31
17  26
22  24
6  19
21  87
12  33
2  16
2  40
1  7
23  74
12  45
17  84
14  73
17  74
11  83
15  11
29  17
8  87
18  36
25  52
17  5
12  72
17  25
26  9
13  52
13  40
29  25
7  84
3  72
3  11
19  16
15  28
27  19
4  71
20  9
14  45
4  5
23  52
8  84
18  35
10  35
6  12
28  32
14  15
15  73
28  3
14  49
13  23
29  57
14  47
20  43
23  66
23  65
25  32
23  52
12  17
21  33
16  57
22  77
5  47
10  34
7  77
13  50
21  17
16  23
12  42
25  13
4  87
20  15
16  17
4  54
28  16
22  8
4  75
6  53
20  41
11  61
24  69
29  6
18  31
16  25
27  36
6  51
1  7
24  41
12  9
1  13
10  76
26  6
25  86
29  44
3  25
24  24
28  47
12  17
3  43
19  11
1  34
7  58
6  88
23  85
24  70
8  30
26  9
16  21
22  71
9  12
8  59
20  30
17  8
4  64
11  65
8  9
23  46
10  38
8  28
8  38
17  28
26  12
3  75
20  83
12  81
26  52
8  66
29  66
12  59
27  15
17  7
3  39
29  55
26  50
26  7
8  56
9  45
22  36
9  61
23  3
14  40
15  14
27  83
9  34
3  52
10  33
21  63
8  17
3  54
22  27
7  55
15  86
25  71
18  34
10  52
10  24
23  73
19  14
2  42
17  57
16  87
10  51
21  70
3  36
3  81
2  76
8  78
28  46
16  21
26  49
18  52
8  24
26  62
29  41
8  59
14  59
9  17
28  88
2  8
25  66
4  75
19  2
27  49
15  51
3  59
20  85
13  49
4  86
16  22
18  11
16  66
12  12
23  13
20  5
17  64
29  40
9  64
12  72
10  44
11  73
7  54
19  19
15  79
6  13
14  66
20  31
22  18
17  47
24  55
28  13
16  84
22  10
12  12
6  83
5  27
28  60
28  65
17  71
23  17
3  43
23  72
24  41
6  16
21  10
14  84
6  61
1  22
29  21
16  84
15  46
11  58
21  24
5  72
5  20
6  4
12  67
29  35
13  14
22  48
21  64
10  87
2  48
21  59
22  75
1  11
17  54
10  84
10  25
10  48
15  86
14  28
7  49
20  15
10  2
1  54
11  45
29  4
9  43
23  31
19  25
19  6
5  38
8  6
14  59
9  4
28  34
23  36
25  49
20  88
22  24
6  5
27  77
8  87
20  81
16  37
17  4
15  47
23  35
7  36
6  66
28  64
25  68
20  18
10  47
26  67
16  5
26  42
19  20
24  21
12  63
24  10
9  22
27  28
8  73
28  9
6  66
27  64
16  71
29  72
12  87
28  51
25  12
7  33
27  62
6  25
7  25
19  51
13  36
1  72
28  11
19  19
24  55
20  65
22  56
9  11
24  28
23  12
22  10
15  14
15  39
4  39
19  18
24  49
25  83
11  24
23  13
28  4
18  77
28  22
9  58
25  7
25  28
19  67
29  66
7  61
12  76
5  52
8  6
22  67
21  5
9  71
3  44
19  81
1  80
9  43
9  74
26  7
11  74
10  11
3  65
4  81
7  55
27  3
2  66
3  83
8  64
21  81
29  12
13  62
23  84
19  28
21  51
4  72
11  35
22  16
13  34
26  79
18  29
22  88
24  82
26  39
9  7
15  58
16  32
13  6
24  21
26  14
20  50
14  79
12  41
21  47
10  34
18  83
17  74
10  87
1  17
9  65
11  85
12  23
9  29
3  54
17  24
9  36
20  3
20  77
10  9
13  66
27  52
29  17
2  58
5  77
28  28
10  13
22  40
17  26
29  22
6  66
2  47
22  51
26  57
10  9
23  47
29  55
19  37
8  76
17  58
8  45
5  6
7  25
17  66
7  58
3  39
21  14
13  87
23  37
7  16
19  53
11  87
9  10
16  25
1  9
24  76
12  43
16  36
3  47
26  81
20  16
9  54
13  14
3  4
26  56
1  53
15  23
3  45
23  85
10  43
10  60
19  13
20  20
9  25
26  36
9  64
16  18
7  20
28  5
18  43
13  39
4  68
6  33
22  54
10  54
6  15
12  17
11  74
13  19
4  26
17  52
14  51
12  27
26  48
4  41
4  54
16  87
12  40
9  23
8  60
5  8
23  82
10  36
15  5
21  20
14  10
16  19
21  13
6  39
16  44
17  4
9  35
4  42
23  13
16  23
3  68
21  32
25  64
5  48
6  67
22  59
11  46
24  60
25  12
11  11
20  28
25  58
8  76
2  70
19  8
9  59
3  2
10  81
15  84
26  50
10  49
21  5
7  41
14  5
21  83
10  66
17  13
26  1
24  71
15  31
26  13
8  73
7  67
23  55
4  83
26  86
13  57
8  45
29  88
7  48
19  54
2  16
25  50
23  83
7  30
15  39
1  71
20  42
23  73
26  46
14  56
18  32
21  81
6  39
1  79
23  17
28  9
20  41
17  64
27  77
6  39
28  36
27  3
3  37
2  82
24  10
4  40
23  20
20  28
2  48
3  65
12  22
17  56
10  66
7  3
18  75
9  76
9  57
17  28
13  29
24  8
1  64
1  54
4  77
19  37
4  50
22  26
4  17
25  47
22  70
6  14
10  57
23  43
17  67
1  31
1  21
2  73
11  59
17  39
12  48
27  74
10  51
23  47
14  15
7  82
15  81
6  45
14  66
12  78
7  77
5  47
15  50
2  31
18  88
7  6
4  65
5  85
2  87
29  84
2  60
13  77
10  72
3  37
19  44
12  19
1  83
15  49
15  16
17  16
27  33
15  8
6  19
21  52
16  16
28  76
27  12
26  60
2  61
13  66
29  17
6  61
13  81
27  64
23  10
12  38
25  12
29  72
29  76
15  10
8  60
20  75
6  51
29  27
18  15
17  7
17  21
13  24
29  19
8  33
1  70
16  31
15  69
22  35
24  46
20  83
10  78
20  79
23  76
26  46
28  47
28  57
24  38
22  63
26  30
19  72
27  70
1  29
26  22
7  28
9  46
1  34
23  75
2  57
12  68
18  57
10  3
13  59
9  14
12  24
2  13
29  64
7  15
23  22
14  45
16  64
27  16
21  5
7  14
28  55
21  47
17  41
8  14
26  34
9  19
14  38
1  85
5  5
24  12
18  85
13  61
23  83
28  47
18  39
26  19
9  13
17  40
10  72
25  76
29  57
28  70
1  53
8  48
28  20
15  27
16  54
19  2
12  88
17  81
25  68
26  30
6  63
27  85
19  11
10  73
18  77
5  78
2  25
7  68
18  57
29  46
11  52
3  25
26  11
5  72
22  56
10  44
25  23
10  64
16  70
6  26
28  81
10  54
21  14
20  61
17  79
26  42
1  45
13  61
12  58
12  49
20  47
13  72
24  36
1  22
8  46
22  50
29  82
7  9
12  64
18  69
29  58
17  19
25  60
2  42
11  22
13  71
3  61
29  62
4  64
12  19
3  61
20  46
2  83
20  76
6  3
4  82
25  72
28  69
12  13
7  5
9  13
26  32
2  30
18  58
16  31
8  58
12  80
20  16
27  41
27  3
13  43
4  71
26  66
3  67
4  68
2  81
6  27
27  54
29  30
25  73
25  14
26  32
24  36
3  22
17  72
2  65
18  12
7  48
23  46
22  34
23  77
6  10
1  11
7  54
19  73
29  22
18  80
21  57
14  35
10  59
16  50
19  12
15  42
3  66
9  56
21  86
3  60
14  12
16  10
6  52
19  51
17  5
4  58
26  17
25  3
14  60
27  22
15  38
19  41
25  48
18  67
26  27
15  53
25  44
29  67
25  51
23  16
12  83
21  64
15  28
22  38
10  36
10  78
27  28
6  21
18  30
5  20
22  69
10  84
27  60
25  27
18  1
17  28
2  35
7  85
2  37
2  74
26  71
8  15
25  34
10  2
24  17
23  39
11  7
8  45
19  3
22  45
5  8
16  83
13  65
19  22
10  2
29  33
28  57
2  84
4  51
15  84
16  67
24  46
6  6
4  20
20  50
2  78
19  13
23  10
22  57
28  38
5  53
11  33
25  87
29  73
1  37
1  80
26  74
16  8
24  70
24  45
17  47
23  10
19  27
24  35
19  32
12  41
11  74
5  69
2  27
14  52
27  50
25  24
6  58
23  23
4  82
19  60
8  21
4  28
6  64
8  35
23  73
15  5
10  79
15  48
29  44
3  22
7  62
21  25
4  77
2  79
15  80
12  61
6  32
26  40
18  46
15  62
7  88
4  43
23  86
9  24
7  35
18  85
18  23
24  7
13  73
19  29
22  74
24  20
6  61
17  75
12  82
12  9
19  10
5  74
8  4
15  8
10  54
3  13
4  24
3  71
17  26
14  5
26  69
5  70
16  71
22  25
27  56
6  38
7  9
21  11
18  29
27  35
2  56
19  2
1  84
2  35
25  42
24  82
6  77
24  5
15  10
27  45
1  44
5  50
27  84
7  69
27  53
7  23
17  85
21  38
19  88
10  41
3  47
6  40
10  69
16  70
14  10
14  3
3  73
6  34
20  84
2  57
4  31
1  87
8  66
8  24
3  72
28  83
13  20
8  12
16  11
23  30
11  28
15  48
10  84
25  40
24  31
21  38
26  16
14  87
7  50
17  26
2  87
4  46
16  69
13  50
19  49
16  31
14  59
29  24
8  9
27  10
9  64
13  70
29  52
26  11
13  49
8  16
4  42
13  47
9  63
7  45
19  4
21  62
4  3
17  6
25  76
1  2
24  75
16  53
24  31
11  39
4  75
13  7
8  14
29  49
11  77
8  50
14  71
6  56
22  33
9  39
10  80
23  86
23  76
16  48
2  29
22  87
3  21
3  74
8  44
19  23
17  43
20  12
21  16
9  63
6  88
29  30
7  35
3  65
21  8
18  35
25  49
24  55
29  34
8  30
9  3
4  71
20  61
27  16
1  41
26  65
10  36
21  48
10  71
23  86
29  82
8  25
24  24
3  51
17  78
23  39
28  54
11  51
29  8
2  1
2  23
1  56
8  65
5  88
21  32
28  83
28  87
12  54
2  70
21  7
24  30
19  64
7  32
28  41
21  63
21  28
22  30
27  58
13  84
7  75
15  52
17  67
27  9
9  23
14  31
4  87
1  20
10  30
2  14
1  76
3  14
22  76
8  58
26  49
16  16
9  12
19  13
24  81
2  78
20  64
18  62
13  47
3  79
17  52
15  12
26  23
7  26
12  38
13  6
15  59
25  17
18  40
27  65
28  67
11  17
18  28
24  65
18  43
9  8
21  6
21  77
13  24
9  85
15  62
12  15
20  35
24  4
23  19
3  74
18  36
9  47
1  88
26  58
29  71
19  5
11  18
16  31
6  82
19  78
24  31
12  49
8  52
10  51
9  56
15  28
11  48
1  18
22  87
8  46
5  23
12  65
4  41
29  84
4  25
24  86
23  69
6  80
5  36
15  21
8  27
9  69
11  82
7  49
11  38
16  64
7  23
25  8
18  58
10  1
12  65
4  3
15  69
7  39
27  70
19  59
22  17
25  55
25  16
3  21
8  56
26  14
7  20
13  86
5  62
28  49
23  86
16  72
29  83
10  28
20  70
5  83
17  62
26  23
5  37
26  43
24  58
26  2
10  32
17  80
12  12
26  74
21  76
11  81
23  18
10  57
21  15
3  8
23  21
7  81
13  61
7  40
26  7
13  81
21  40
23  73
18  62
26  6
23  62
9  10
12  46
28  26
5  63
24  54
8  66
27  41
23  20
21  55
14  12
9  38
24  73
25  86
10  40
15  66
7  26
4  16
23  69
14  5
3  17
14  65
3  19
25  10
29  22
24  77
15  21
28  71
20  13
24  17
2  63
27  74
24  43
3  30
11  32
25  12
24  25
12  86
10  57
15  82
26  23
15  5
20  84
10  46
14  33
19  88
26  46
16  50
23  30
5  17
24  6
7  77
6  19
26  56
5  83
2  51
2  67
10  83
7  48
5  80
12  10
8  86
21  42
10  21
21  53
25  83
3  88
4  34
22  67
5  11
14  42
16  65
29  70
3  19
29  67
9  81
24  58
2  88
9  47
16  56
18  5
23  58
25  85
24  79
29  29
14  84
17  5
24  2
29  36
28  82
14  41
29  5
9  87
24  57
5  64
2  79
16  2
7  73
27  70
17  42
23  53
19  78
10  21
15  32
6  34
11  58
15  48
8  71
29  19
16  53
22  17
28  86
7  88
17  85
20  10
25  53
1  31
23  45
29  49
10  88
1  82
6  74
21  9
15  76
14  84
12  32
16  88
25  32
28  59
12  17
21  34
15  21
6  55
1  62
2  11
17  54
16  17
13  43
12  42
17  16
3  5
29  63
12  6
23  59
24  87
29  17
28  5
28  22
20  73
17  59
13  15
9  62
20  27
29  3
16  87
12  71
28  33
12  53
9  57
26  9
13  49
25  73
6  45
25  52
29  25
21  74
15  58
27  83
10  68
28  61
9  11
21  69
22  86
2  30
2  21
6  39
13  83
3  86
7  22
29  26
20  35
27  47
1  55
17  3
17  9
4  21
21  83
18  77
1  39
7  62
29  21
2  80
17  66
24  67
26  37
10  85
24  28
16  44
11  11
1  88
29  12
5  39
3  10
5  60
28  31
16  34
29  22
9  50
17  75
7  4
6  30
20  57
23  6
21  71
8  58
18  63
27  83
11  40
16  13
3  62
26  76
25  21
14  43
11  7
27  48
1  5
8  36
17  42
17  14
4  11
13  79
7  3
20  48
29  35
8  63
2  31
16  49
12  3
20  9
14  4
21  79
23  11
23  11
22  20
14  48
18  69
18  7
9  82
19  56
14  21
17  77
29  58
22  42
15  65
1  52
19  85
16  42
11  9
8  41
6  66
11  17
27  88
15  69
5  62
1  16
22  32
2  18
8  4
1  67
5  10
4  78
24  45
7  30
13  3
15  31
29  33
24  59
7  24
23  69
4  76
2  50
11  74
27  83
20  57
15  87
26  26
23  30
20  2
20  8
21  70
18  19
24  29
8  84
18  25
11  4
2  15
2  60
7  47
6  44
8  77
23  12
17  5
8  54
3  62
17  74
20  13
3  49
15  82
2  70
10  55
21  30
22  69
19  88
28  81
15  40
13  44
16  13
19  16
12  2
13  30
25  58
26  20
17  44
13  19
17  6
11  79
5  86
15  72
4  60
12  46
18  11
4  1
14  38
22  6
20  15
16  85
2  75
23  63
7  49
18  78
6  49
28  20
1  33
27  5
17  11
14  9
10  34
3  49
14  3
12  43
29  41
8  25
4  48
11  83
4  59
24  69
27  65
29  51
3  2
16  80
5  24
2  30
5  73
12  32
1  72
10  84
28  19
25  44
14  71
16  43
27  79
28  20
27  68
2  38
23  30
12  37
1  81
17  2
24  11
3  58
29  65
14  60
20  65
27  59
25  3
19  3
10  1
2  65
20  69
22  35
17  25
11  79
17  33
7  80
24  69
4  82
28  10
5  47
17  25
7  42
2  23
12  16
2  59
23  30
23  87
23  30
14  22
3  83
12  59
5  20
27  42
28  22
16  48
22  57
14  52
17  60
15  1
6  5
20  76
24  9
12  8
19  1
7  65
28  37
20  13
7  26
21  62
16  8
14  69
5  39
21  32
6  55
22  76
12  14
22  38
2  59
10  67
29  66
6  71
24  49
20  42
5  79
23  71
11  36
29  46
9  28
3  73
9  69
11  52
17  31
10  29
20  11
2  35
7  60
15  11
18  67
29  78
7  70
2  14
3  48
29  15
29  4
14  2
14  3
17  37
27  77
13  22
10  76
7  30
6  35
5  51
14  86
14  61
17  60
27  66
18  62
29  44
13  51
26  56
18  20
21  19
13  11
28  85
8  81
12  47
5  44
23  24
2  79
15  75
25  51
11  84
26  28
24  42
20  78
7  87
6  70
11  81
10  61
4  77
26  47
9  74
6  50
14  8
26  34
26  20
13  9
26  3
6  4
27  75
18  72
4  41
14  51
9  45
20  8
28  19
17  34
29  50
29  25
24  87
16  59
12  4
26  9
24  41
1  26
23  76
9  86
28  29
10  40
26  2
25  46
29  34
27  37
17  85
23  86
14  8
28  69
22  39
26  40
28  74
6  12
24  34
16  18
14  53
13  73
24  76
28  86
11  30
29  22
26  78
15  36
6  64
13  21
29  17
2  64
28  83
7  4
3  23
5  10
21  69
10  50
9  23
8  65
2  37
14  87
18  17
2  47
20  58
28  23
13  6
24  23
28  8
1  87
17  57
9  73
15  50
22  6
27  80
15  29
14  72
19  61
19  50
15  67
28  27
9  47
5  10
8  57
13  20
6  49
28  10
17  12
29  32
11  66
23  73
26  44
14  6
11  28
5  53
2  21
15  22
1  25
8  81
7  24
9  27
25  70
29  40
22  30
20  42
6  2
20  79
13  5
28  48
8  15
17  70
1  87
14  80
14  32
28  71
5  10
14  26
3  73
13  29
23  19
3  28
12  2
12  14
14  81
26  29
6  84
23  41
1  64
24  12
28  57
21  40
26  74
4  29
25  39
6  39
2  47
16  35
18  45
17  74
9  14
28  47
16  69
12  2
7  17
17  79
6  24
20  40
25  13
24  71
17  52
27  56
18  7
19  35
24  57
8  71
5  47
26  18
12  23
10  45
13  40
8  12
16  17
24  84
3  69
15  28
15  76
1  30
4  54
19  79
23  80
15  34
8  8
17  75
29  5
18  14
17  56
10  72
21  39
9  62
24  64
1  74
26  3
28  76
13  40
27  44
3  23
22  69
15  14
17  29
19  13
14  66
18  69
20  7
18  79
26  51
29  10
22  10
25  36
21  37
2  25
15  29
29  65
28  77
22  4
12  21
8  73
29  3
27  76
10  76
27  5
2  40
12  85
18  67
27  68
13  47
1  30
27  7
10  68
22  87
28  62
18  79
6  86
7  22
25  48
11  75
3  69
3  63
2  71
8  70
20  47
22  85
28  66
28  13
13  42
10  13
15  80
13  30
26  32
13  79
24  5
7  65
8  43
7  21
29  83
25  18
10  49
20  83
7  73
7  28
13  48
24  52
14  71
10  54
1  66
2  3
5  87
10  34
2  82
2  39
1  13
26  41
12  53
10  44
1  80
8  15
29  26
1  57
5  78
3  77
4  2
7  76
27  27
27  41
17  47
21  71
12  26
1  63
23  8
3  54
29  74
12  43
18  43
22  38
28  66
19  68
23  26
10  15
28  68
15  43
20  78
2  67
11  53
25  57
21  78
29  20
19  43
28  84
5  41
27  17
22  29
11  9
23  63
1  1
25  70
16  11
7  3
3  21
15  18
19  50
19  75
22  66
12  87
4  5
10  38
29  52
5  21
29  80
14  84
1  20
10  62
20  13
26  66
29  11
18  70
14  63
29  27
6  28
24  75
16  82
23  23
13  53
28  69
13  84
2  39
2  54
3  63
4  31
10  14
24  55
3  12
6  12
29  49
3  78
10  58
11  80
27  39
1  63
11  18
1  82
4  2
27  25
9  37
8  19
2  44
5  71
4  24
26  68
27  42
26  84
7  80
24  83
24  20
22  13
1  38
4  37
1  26
26  67
6  44
7  13
6  80
16  62
29  46
16  3
27  74
17  82
18  18
26  78
22  32
3  53
7  15
10  58
29  75
26  86
24  1
11  74
26  53
25  55
18  75
13  22
27  13
8  28
23  43
18  69
28  80
8  74
16  33
1  77
22  32
19  32
17  87
14  61
17  81
20  88
25  26
16  9
4  30
27  54
5  31
10  53
15  40
18  79
28  6
11  72
24  23
15  19
14  50
13  3
16  14
16  76
24  23
19  63
18  34
1  84
19  2
25  26
13  3
3  58
17  20
7  58
16  42
18  53
18  47
17  15
2  57
11  39
27  62
2  21
2  86
3  26
23  57
16  7
20  87
12  6
23  6
28  69
17  70
20  49
5  33
12  46
29  30
12  28
28  76
15  70
23  27
23  61
24  23
6  49
5  38
1  7
22  32
3  61
13  15
24  26
18  76
20  12
5  8
25  33
20  76
4  79
22  88
9  79
2  16
12  83
17  37
13  81
24  23
20  71
10  64
6  46
14  28
14  76
23  21
28  49
12  34
3  11
26  39
14  69
9  32
21  2
8  88
6  47
3  46
4  31
17  54
18  16
23  46
9  10
5  47
17  88
13  67
7  55
5  6
4  83
21  52
26  81
25  2
19  55
14  41
25  16
7  37
13  12
28  13
26  83
24  82
13  34
29  74
27  14
18  70
3  70
3  47
16  45
3  40
13  44
6  77
9  15
9  9
24  22
1  69
5  51
21  28
21  27
21  83
6  85
19  62
10  8
5  54
8  2
7  70
25  26
23  5
6  47
10  46
10  49
15  66
27  45
1  80
8  87
22  66
23  64
11  41
14  30
11  59
21  35
24  72
26  85
10  85
6  68
13  55
26  3
2  33
11  62
25  65
1  74
26  28
16  2
29  18
11  45
1  12
29  4
8  74
15  73
5  49
24  52
27  9
25  7
22  21
2  1
28  20
25  56
28  36
21  63
23  54
14  31
24  12
27  34
9  63
16  74
7  86
17  48
10  24
18  41
15  58
14  27
6  77
4  29
18  6
10  68
15  1
28  2
7  32
17  32
1  28
22  45
13  71
16  63
26  88
18  53
27  85
21  23
13  79
19  37
14  23
29  69
18  79
6  56
8  51
18  12
14  21
16  12
4  56
13  42
28  37
12  87
6  81
28  42
28  64
28  20
23  26
2  53
3  3
2  39
28  57
4  39
23  14
29  20
4  29
7  48
29  42
23  19
24  42
2  79
13  34
26  47
14  11
2  8
18  66
19  73
22  46
3  63
11  11
13  25
25  51
1  75
26  12
7  53
22  13
15  59
24  74
16  72
19  46
13  51
28  48
15  28
11  87
5  56
14  23
14  79
14  45
6  15
24  47
6  74
12  12
26  58
27  75
27  76
26  48
10  66
23  81
29  51
1  79
9  5
20  79
23  35
23  48
10  73
24  87
25  60
21  37
23  15
3  19
14  55
26  20
4  88
13  16
18  49
15  2
2  75
3  23
18  15
5  54
26  36
6  31
27  80
24  60
27  22
5  28
24  22
22  62
19  34
20  35
15  28
1  12
1  45
8  11
7  32
4  69
6  37
18  76
1  58
18  43
29  20
2  35
5  3
23  67
5  19
14  44
7  15
24  66
9  40
21  54
20  11
16  8
3  72
23  50
25  38
19  64
14  45
23  44
10  35
12  46
18  8
21  72
22  13
7  31
24  63
13  69
4  82
19  68
3  40
29  37
22  41
18  30
21  76
22  58
15  83
2  83
15  4
6  26
17  36
12  39
13  55
9  84
12  2
15  67
29  50
19  25
11  69
23  18
2  29
8  3
9  85
13  78
25  4
9  88
28  87
9  15
18  67
21  63
2  88
16  84
8  41
11  41
26  47
21  15
10  37
28  1
25  39
26  76
5  52
29  28
26  82
25  42
26  56
23  9
20  30
3  16
9  9
12  18
14  28
5  49
19  88
6  33
14  35
4  88
12  30
20  67
8  65
28  20
25  81
23  72
7  82
27  84
2  15
29  8
5  86
10  44
14  57
23  71
17  7
15  86
17  73
8  17
15  8
9  49
13  19
26  30
14  30
2  37
18  87
19  55
27  10
17  36
20  21
7  86
23  13
27  51
24  23
10  10
24  51
29  46
28  42
26  48
4  40
9  54
10  52
27  58
22  29
16  22
18  47
26  43
14  27
2  9
13  68
25  1
9  46
5  54
13  49
29  81
15  67
5  20
29  27
8  6
27  65
26  21
13  36
2  74
14  12
2  70
27  13
6  3
26  29
12  37
5  44
17  63
23  26
23  10
4  87
16  87
14  52
6  70
17  15
15  87
11  19
9  86
6  46
24  36
29  76
21  64
19  48
15  44
7  43
1  20
25  85
8  41
11  24
29  19
2  37
21  14
17  6
4  11
6  82
18  64
26  31
7  34
21  81
22  37
7  1
17  70
9  73
16  80
29  11
3  82
23  65
9  26
6  8
1  51
12  6
17  66
5  34
14  79
20  34
6  78
12  39
4  4
3  78
3  15
21  24
26  55
17  56
21  9
7  44
15  58
5  69
21  63
22  1
9  59
8  32
24  3
16  83
12  19
22  24
25  75
26  66
21  28
23  6
24  77
5  32
19  82
3  52
6  51
15  32
25  19
14  14
2  23
29  72
22  22
12  68
1  64
21  31
28  31
2  30
11  58
3  55
21  25
14  46
28  82
17  19
13  18
22  1
4  63
12  26
9  26
28  61
8  10
22  26
24  19
14  12
4  62
25  53
4  18
7  64
2  64
24  15
13  84
22  12
15  23
27  29
2  33
23  80
19  44
25  30
4  4
16  77
24  83
2  54
17  33
27  85
9  16
24  22
3  85
24  20
22  35
19  28
22  33
3  65
9  12
14  49
28  79
13  45
1  54
6  78
2  11
7  10
11  7
4  13
3  66
25  84
14  54
18  77
1  6
8  67
9  60
16  70
11  15
23  71
29  35
17  8
9  19
14  50
11  17
17  8
5  46
14  41
28  45
13  51
24  58
25  83
28  33
10  25
16  56
10  31
27  78
16  50
2  45
6  66
26  26
2  28
29  46
20  86
26  13
25  10
8  11
6  84
13  54
26  30
15  79
20  43
15  50
13  47
29  85
20  5
20  14
14  51
10  52
19  88
21  79
7  70
14  28
10  27
16  73
19  17
5  39
12  12
25  36
23  27
4  88
22  56
24  72
28  27
27  14
22  43
28  2
4  67
3  33
19  59
11  52
11  13
27  44
17  88
13  72
21  43
22  9
28  39
20  5
14  62
13  31
25  66
18  72
27  13
5  23
18  40
8  36
17  72
9  74
14  83
16  66
11  49
12  68
14  45
16  25
5  1
20  68
24  1
23  47
27  9
13  9
11  72
7  45
2  5
6  54
19  8
19  70
7  82
12  22
22  70
22  87
19  17
18  24
14  5
8  1
26  49
21  27
10  69
7  74
29  24
19  11
9  84
12  39
26  26
25  34
3  55
3  29
13  56
15  55
6  66
10  26
7  50
28  74
23  27
10  56
22  22
13  45
2  51
24  74
10  61
28  76
4  36
11  53
3  36
3  61
20  19
18  56
24  8
6  24
11  7
3  51
28  57
3  16
14  56
27  51
8  87
4  72
14  80
9  28
14  56
25  15
6  45
13  85
27  39
10  52
1  52
14  15
11  54
18  57
24  39
10  78
22  77
4  75
29  56
17  38
28  71
14  48
1  83
3  46
24  20
16  47
8  47
23  88
3  65
18  75
21  37
27  6
7  49
10  64
4  47
17  38
21  47
26  60
24  42
17  39
1  49
14  78
17  43
21  81
10  14
24  2
5  29
12  17
19  48
26  51
3  42
7  42
3  67
27  47
29  5
15  68
1  59
24  86
16  61
26  80
28  25
4  43
22  12
20  73
11  22
15  81
12  68
8  20
15  78
6  6
19  48
10  24
19  47
4  51
9  41
6  47
4  30
7  81
27  30
21  2
2  64
13  44
14  74
29  1
27  6
11  4
26  65
27  48
10  55
25  55
15  10
16  50
16  58
26  24
16  62
6  34
10  24
28  11
8  55
14  52
5  86
29  61
29  18
29  24
29  24
14  80
7  21
3  31
24  15
5  36
26  32
23  83
14  44
15  63
21  8
15  3
10  18
25  86
20  55
25  68
7  71
28  33
24  61
27  16
2  34
11  50
12  34
6  43
5  86
7  78
8  72
25  32
5  38
1  74
20  21
3  80
7  14
1  6
26  62
17  18
6  56
12  5
14  21
1  28
19  28
28  35
26  76
27  72
1  61
6  13
24  7
25  7
13  59
11  52
1  86
7  17
1  19
21  1
13  71
17  50
27  16
29  42
24  15
15  15
6  5
13  27
11  66
1  62
19  24
15  30
7  70
5  65
13  17
23  83
2  44
23  3
10  64
7  15
25  38
11  32
7  41
25  9
12  18
8  41
9  11
23  48
27  52
5  21
24  44
15  62
18  79
4  65
1  86
10  79
1  69
16  65
17  53
21  34
15  2
7  20
24  15
2  22
5  28
26  83
29  10
29  54
5  5
12  57
2  24
22  45
6  47
23  28
4  13
18  34
5  62
16  26
21  15
28  29
16  10
25  37
10  21
19  7
19  25
3  7
28  57
14  86
22  33
29  30
18  53
28  62
20  27
12  40
8  65
15  80
17  24
15  16
6  67
1  54
19  64
24  79
4  84
10  84
10  30
14  34
23  25
10  33
16  77
15  26
26  24
23  43
11  21
5  47
21  46
24  6
6  70
19  44
5  23
20  13
18  10
15  6
16  30
11  31
15  39
27  76
7  79
15  43
29  59
28  56
4  12
15  51
14  38
12  51
12  13
4  28
14  58
11  52
16  78
25  52
18  86
5  42
17  60
29  50
13  86
8  21
23  31
10  58
13  44
29  72
18  34
26  14
18  26
2  41
4  54
4  21
5  37
17  71
29  18
5  15
28  51
24  11
21  69
5  86
22  5
22  39
11  81
10  14
29  77
23  1
2  18
17  29
3  57
5  24
6  77
24  43
18  38
1  61
2  81
3  83
16  20
19  27
7  88
2  56
27  72
27  40
16  22
25  16
26  85
18  57
1  49
28  44
17  34
17  41
13  79
14  69
1  62
7  18
11  42
9  64
27  86
16  9
29  54
12  26
19  38
19  6
11  65
21  13
18  11
24  33
6  34
23  25
17  23
21  38
27  3
7  2
28  84
9  17
26  47
7  32
15  79
15  42
16  75
1  74
28  22
11  18
14  72
18  26
16  66
16  36
17  87
26  59
8  6
17  68
21  59
7  13
23  21
25  83
27  42
9  23
3  79
13  16
28  68
14  68
15  76
21  55
2  34
1  71
13  62
26  54
26  55
13  62
12  3
10  83
21  58
19  17
4  57
9  71
27  42
29  43
27  72
27  37
23  32
28  72
28  27
17  58
20  32
14  69
18  6
2  70
26  31
26  59
1  57
8  66
22  54
6  60
14  51
19  48
12  61
17  28
16  71
8  46
13  88
5  32
19  82
29  26
19  53
16  66
5  66
23  38
1  28
14  58
20  16
17  85
7  29
25  86
1  6
14  36
29  85
10  2
20  50
22  10
26  80
19  32
4  9
6  71
28  32
22  9
23  4
16  88
13  84
1  58
5  45
9  57
10  49
16  40
5  74
5  73
14  84
3  67
26  57
23  17
17  6
24  22
16  26
14  76
27  22
13  77
25  24
27  32
18  26
11  61
8  55
6  68
15  22
20  6
21  31
6  7
7  50
16  28
9  55
13  55
18  87
25  25
10  10
26  31
8  50
19  45
27  21
23  14
12  72
21  54
8  22
2  39
4  24
4  87
20  22
16  43
14  12
13  5
18  71
17  56
27  7
16  44
22  7
9  69
27  63
24  54
10  3
7  83
9  36
7  68
23  76
14  77
26  63
24  50
25  53
3  64
18  35
26  39
29  1
16  43
1  31
15  2
1  17
18  8
15  2
7  37
19  68
14  1
12  85
10  46
27  77
25  35
3  52
10  17
5  81
2  69
27  52
9  22
12  77
1  25
26  6
26  48
6  75
3  10
14  74
24  28
21  37
23  44
18  69
2  86
26  56
17  7
3  59
27  7
4  59
7  12
26  52
28  65
2  29
11  45
26  83
6  56
18  81
16  1
28  1
29  74
14  5
20  69
2  6
1  32
15  6
1  27
16  8
15  82
26  77
19  86
3  82
20  14
20  20
3  68
5  30
21  66
16  33
17  74
20  42
6  29
20  26
3  51
19  63
15  41
29  71
26  81
17  84
12  43
28  83
23  82
12  71
11  57
10  67
18  3
19  76
23  74
9  36
6  32
7  27
26  17
16  48
3  26
2  14
27  2
26  33
12  14
13  88
15  3
3  68
15  28
1  78
17  68
16  40
29  69
10  9
11  15
24  20
19  20
9  10
11  16
22  27
11  54
17  60
27  53
28  27
15  1
10  86
2  30
29  73
17  24
12  86
14  70
22  6
27  12
29  14
4  15
25  45
2  76
1  57
17  50
4  2
15  86
16  46
4  4
13  27
21  51
16  44
26  74
21  19
16  22
8  36
8  37
20  74
9  13
1  50
4  46
16  37
4  54
9  28
22  67
12  76
6  75
24  40
20  55
2  6
21  6
26  10
27  30
16  22
17  69
21  11
27  29
21  9
2  78
5  26
13  14
3  13
10  59
22  15
5  25
26  59
26  63
22  66
28  28
19  46
15  7
22  40
9  68
16  34
6  58
8  30
2  9
24  37
13  33
17  3
14  21
24  64
11  55
6  66
19  69
12  85
2  17
27  29
7  22
27  19
18  86
9  18
5  72
24  53
16  15
19  26
8  62
12  38
11  64
21  20
26  60
18  49
29  61
20  6
1  79
16  48
23  77
12  76
6  24
9  36
12  10
5  22
2  65
17  12
14  55
10  78
7  13
5  43
7  64
29  63
22  76
9  6
6  12
11  15
18  52
14  11
18  78
2  69
26  72
29  84
19  79
29  51
27  61
23  57
7  13
12  12
5  8
27  57
23  39
21  86
3  64
14  73
25  63
24  1
2  41
17  66
15  70
28  62
23  15
13  47
22  50
22  17
16  79
14  36
28  26
8  55
22  25
26  72
27  80
3  56
5  88
18  51
21  46
10  53
20  87
23  56
5  17
15  66
7  29
15  60
17  9
11  45
21  74
22  52
24  46
11  69
8  7
1  82
20  44
15  19
24  58
11  25
1  47
22  35
1  79
1  68
24  71
23  76
17  47
21  18
8  13
5  75
1  68
4  36
26  68
6  76
16  66
2  21
19  16
23  1
27  16
6  64
13  49
9  88
4  12
3  6
8  17
14  64
24  50
29  29
14  17
17  12
23  85
12  17
22  16
18  62
8  20
19  70
4  75
11  68
10  22
12  75
25  61
12  31
28  5
22  88
1  16
24  7
21  7
4  64
29  34
6  63
12  47
24  80
11  25
24  86
24  72
6  69
25  86
5  12
26  82
19  73
27  46
21  64
7  34
20  23
9  75
12  32
20  86
6  74
5  30
11  73
9  62
9  9
2  25
2  50
23  68
7  85
17  36
18  5
9  36
11  49
2  55
2  86
13  52
21  73
4  64
5  41
22  85
17  35
24  71
23  15
9  31
17  24
5  33
7  57
15  48
28  51
7  18
10  19
7  14
13  48
17  33
14  66
14  87
19  38
18  15
24  46
1  64
21  13
16  15
26  40
3  35
13  40
4  87
15  13
29  78
6  28
3  46
11  64
10  83
25  71
22  51
7  35
28  66
3  57
23  84
8  62
7  55
3  53
5  68
16  14
25  42
9  16
13  82
6  39
18  42
18  49
24  57
18  42
29  9
20  79
18  58
20  47
12  10
14  46
3  27
10  83
17  21
15  73
1  27
26  67
26  50
27  9
4  75
5  31
23  49
8  44
3  62
7  24
10  32
20  46
20  17
28  65
29  36
19  59
13  3
7  88
23  38
8  66
19  85
22  14
23  15
29  19
24  59
15  51
18  11
1  41
22  1
18  58
18  10
29  73
16  7
25  59
4  66
26  81
19  13
13  3
15  78
29  49
27  54
12  77
24  25
14  76
29  33
1  60
22  19
8  24
22  75
26  38
28  58
3  25
12  37
2  74
9  66
12  41
29  76
20  42
23  85
5  59
27  3
14  41
23  59
17  43
7  58
26  54
16  43
23  7
24  50
7  71
29  63
3  80
23  54
4  54
5  76
5  49
23  12
1  23
26  79
28  86
19  17
28  79
16  80
6  70
16  40
25  22
8  42
19  66
10  67
23  29
15  80
8  83
12  40
20  25
13  26
28  14
4  4
2  5
2  37
20  51
22  83
22  67
26  22
7  25
4  70
29  52
11  39
8  36
23  58
7  50
25  40
21  79
